244715
310400
744330
126693
645992
132234
336789
885842
724411
285638
288101
932546
446722
618183
150381
373655
42462
364681
235280
262387
623107
107967
742787
467115
886044
786495
772660
698560
237317
363262
673554
650150
747389
560488
504353
344003
685416
467327
938191
179366
557590
220021
442340
380259
830959
934162
475130
277530
263541
424380
817978
364730
953473
584342
466857
764416
650540
108527
106954
368913
206237
440464
379393
836291
442999
612953
440415
690713
617204
181099
674311
458649
849504
707258
719507
177125
467299
849558
731140
763458
646420
315827
316814
351666
380612
221703
467009
108581
278680
885946
698874
140011
240589
755205
894361
178975
719117
298524
750726
737356
466905
335521
236165
939496
424175
430145
501030
851541
616533
340527
939765
466932
237388
379406
533825
295478
500826
633245
298140
781726
584249
628352
372481
364907
351054
702213
754833
179282
949742
921124
790938
179042
673039
653885
264729
755621
412040
773838
208668
279357
704129
356887
661485
725574
456600
222022
424484
479812
279281
538499
700757
390886
480364
380741
699464
236961
947753
342246
569868
178309
480456
817644
195928
176446
749356
269018
723665
260548
412803
744839
206051
653528
278884
580246
306779
379535
404693
889019
551363
912297
178970
281906
939755
467366
655340
848157
498591
309752
405953
470451
222055
482842
275261
699700
439715
174699
486193
662356
777662
465517
221615
643708
404207
892404
466754
458465
754846
699659
247262
379484
310085
646139
345886
279459
745914
162020
834285
940811
380287
308569
693280
439826
628292
340071
152921
440646
609895
647599
273810
364262
792351
738064
181478
359957
237331
467228
364246
378991
300406
568219
697383
856966
660648
718755
175599
699345
379581
279526
449146
643755
512016
279087
948548
817732
802713
179389
379123
653351
105576
467258
500857
830969
616854
482908
396254
949691
478465
234357
369867
927469
700819
674368
570066
103968
738692
701315
364760
900091
460033
133694
742033
938637
118132
432426
913854
817263
405096
150525
661383
220384
817293
755393
396631
181213
279410
654696
763653
865173
199411
400916
443805
646178
235311
487285
784439
755946
126651
946049
249020
427024
674226
724273
279595
172406
300474
944883
814757
661515
127505
768646
645770
616414
199048
652967
257186
268686
312258
938215
231848
130813
885777
644127
354719
258623
574811
413322
653868
276851
837143
906760
108363
818703
293015
125358
364554
475370
369882
640847
382143
793359
534816
739791
953979
199291
718093
115380
898944
701305
158131
764237
830943
787933
704410
232818
734731
900772
124281
874737
274113
644147
825562
883137
234480
724149
423025
364891
437815
181178
118032
157723
279453
769728
849672
304797
726410
613079
438086
747735
449242
391588
485909
440565
150522
262769
336923
706338
215590
131658
362610
601227
380136
257280
326235
699349
911911
950937
251341
465679
379457
501326
639809
248870
467252
391380
742829
235517
899717
405457
786264
466929
146182
343640
935912
763314
627208
699321
755217
240375
742745
466021
237248
279037
841734
239173
178347
107104
858125
862000
870796
377165
673698
699651
823944
777812
438098
364070
674008
335545
922452
271029
295709
539225
396775
509966
378720
940680
699678
776122
466855
537800
335362
221991
440401
568519
699680
240603
326017
390308
861403
642949
461304
48307
499852
467194
898468
480278
577754
840245
936638
156803
178981
574695
364833
315812
627618
120015
143775
849641
704166
575202
699557
939802
745958
249029
652831
297589
125475
338492
673756
364844
724497
160970
699504
942943
466532
736276
460237
238288
259477
331382
315821
803496
764221
161964
108179
380300
533961
334689
501445
651559
222167
764435
593532
742045
813991
643772
939459
939525
927457
367005
652554
589378
241219
500590
737581
480203
436879
851768
502275
769787
364422
302450
315453
506140
755499
877032
120212
404621
279531
490308
817391
529972
458929
378857
768715
517861
219861
654363
334688
237075
787880
343935
179036
469342
570329
674388
304113
179367
569873
764634
742805
907698
292026
369731
466852
810220
467192
755474
763787
345562
511163
661225
761677
265068
238967
287524
293064
126805
645980
527620
646469
835626
864029
655312
669340
955876
279094
278678
646476
892400
387537
183493
108571
151404
762772
151398
131263
308196
681431
258263
899723
449760
764434
251997
364924
438218
478541
570415
157658
769555
608570
467383
704152
120263
648848
707316
746013
937996
198173
123023
300877
939707
335153
325976
787718
108506
940864
177697
588452
829441
480403
467113
464727
903309
142119
511471
560206
108286
677618
362189
381236
608656
308808
179333
818060
865094
701295
730362
702204
251010
313550
191382
221317
248632
691082
507718
266651
430005
378175
121703
428790
240171
125119
177702
301656
99802
134216
228012
236740
143527
823011
674173
698305
222054
955920
442887
259612
857732
718159
742801
534496
896253
702217
531514
355368
235801
263708
848557
699388
786883
134575
363772
178527
551383
898434
850993
178294
108598
440381
755436
458653
477307
144046
699394
940837
940955
181659
642837
240356
715413
126806
466196
151395
334077
267219
350614
431980
220706
708563
448756
177954
569801
707103
151256
265409
863029
300679
646011
108053
827290
458624
98281
653718
229255
432762
273145
664806
179287
235992
466817
430085
433685
817730
221647
365769
858801
943489
914806
108492
932994
475340
206570
804435
397470
242543
439820
111809
654727
940513
237391
764129
602598
814878
380096
862037
500976
671005
520468
111726
636743
764392
501130
112995
217773
861845
251780
534754
584387
817113
776670
254903
663726
903099
699706
699614
479218
206349
500576
205192
942960
764159
178236
760035
323610
668173
769171
346744
380162
200314
939583
764120
103904
618541
380692
716618
312714
139940
456205
584460
698407
266385
242726
637030
380583
405967
306950
162111
849008
667386
655484
852684
699631
151831
315752
237390
920458
864635
533914
221141
344294
108504
439768
505715
219143
642674
474241
741820
654068
938099
646440
244179
278380
395696
942961
393155
609755
237276
671857
405703
549393
848170
841146
700418
639676
721630
467149
656423
616603
235908
646454
472463
752498
501381
722281
439575
382579
257985
396243
396749
181519
672504
459313
235480
562533
405818
222160
569406
379763
108188
383943
500546
466577
204980
277507
741393
811597
342941
476755
820005
712095
112979
627243
699498
174829
208143
115791
179948
344184
884636
378037
221338
424465
511828
849147
579056
98116
78306
350021
560099
905411
232599
108040
900101
862154
697749
488299
576104
754474
236294
479905
156537
200718
648986
802125
900090
955316
440344
647451
119724
755137
235689
294338
811342
940553
724078
938258
264679
661194
617257
181214
315572
627252
849537
329324
693541
219382
438569
479080
671381
474673
335263
721292
200728
299993
674300
364920
255485
646005
526898
585409
787866
527780
511806
262722
645424
940863
179361
141857
640327
379903
931424
334277
745824
628248
713032
299737
527458
440400
179173
910025
235945
791815
279398
179336
364764
710595
245241
550877
769597
694834
460207
174689
347281
282886
573571
240601
643783
240425
140050
849068
517613
235389
702067
279320
664622
222103
787682
616909
570083
466701
316878
220106
460054
707377
754327
337325
571670
177857
856502
627888
819686
242986
833675
124936
183651
251182
559177
745983
255614
937922
237347
857159
126450
750606
590661
198481
273222
358613
632280
479480
590717
108550
761563
467133
178267
643019
891703
277270
723909
818691
754633
148927
279445
406001
515161
570175
265558
252278
705693
939434
501895
466353
439871
154155
525632
592023
644011
729927
108274
857035
764103
405198
636004
409991
724340
314100
636953
268878
636196
467052
752554
260724
113200
501314
633581
684111
286273
706669
198332
849639
949475
545062
437448
724476
738106
344024
108565
270413
356958
848084
646410
103761
131730
377529
838363
649572
338141
698870
518429
644701
646106
150568
276301
763461
457502
102319
235814
575509
439081
700199
779098
209262
456979
390552
631257
949651
894513
364355
699596
867410
475279
856348
204536
731039
533608
817494
218831
439485
895721
343815
268881
945317
235287
737579
327881
793874
210879
828673
562054
884376
236887
699412
476556
673300
369465
671203
953177
698667
199296
126381
643292
481534
802067
584394
215127
176196
279080
674556
745357
125823
501947
755874
952321
677973
863504
301139
340022
787483
179319
700272
705348
290324
645465
834149
108324
865304
168136
337496
858004
210537
654684
284663
846740
120476
837042
955902
583116
403789
178516
575510
296902
661242
198815
391666
209423
939703
842597
769127
381478
582239
123701
123824
683217
362594
478473
258124
340592
486522
653525
518846
701913
755989
671403
720088
352870
158197
569704
745351
898247
803493
316193
181228
692567
360894
400417
405106
176965
780353
344238
458101
244963
534869
257787
180307
701126
430480
120232
896492
707455
337369
568571
431880
364727
109134
240191
151719
847982
439367
353207
732724
350294
763569
475367
421117
235966
479984
220875
235252
849606
480480
236050
919849
135575
442020
662549
405870
813370
945926
787642
287966
367628
719552
625754
239741
699021
699510
702212
863688
334118
431804
380037
560528
622688
511311
659527
467306
236974
731147
479149
750777
817548
542604
875495
173878
642819
908261
770045
240194
793326
731433
179280
811273
849538
888919
577086
108568
755965
222147
236762
133564
119033
364639
699600
108239
608735
221918
345216
673952
467444
616544
919948
639784
692971
680956
769351
179487
122983
378691
503624
937833
380735
465533
635717
616885
922481
557587
600251
849479
439421
142736
467409
237893
107768
179816
108433
546608
107962
156876
311978
849715
458548
140303
724224
230517
650122
724481
150966
636038
849577
196768
771287
467402
642567
237288
199140
674518
364848
488450
808382
830508
645494
458659
699313
177390
672754
741990
224063
577256
900623
825413
317750
344362
339542
699355
608249
900159
478558
440534
265140
819411
148734
293539
386735
499004
627036
354331
379434
237366
723375
369341
364858
646474
642134
835841
324403
769970
395741
886031
362697
899772
699580
609667
569437
143476
696769
611010
633792
441239
388217
240853
927034
180537
817771
654685
174726
126387
765711
252151
124608
335495
322490
108009
166452
742825
652037
619444
221513
397092
488821
379943
644561
830209
238971
438021
469054
363720
674366
770107
863648
391635
646328
439266
900037
334712
134687
661429
528952
391556
222163
885913
108528
379462
466895
328383
279201
570686
318665
380731
531244
543306
439630
115061
238783
894236
849510
400928
178026
762508
344188
893642
670998
609574
319683
361310
300181
477070
879590
488408
239606
953034
612319
779683
802632
220540
645444
356837
830616
420596
278774
324335
491483
292815
466572
221975
661403
107604
288905
227549
446225
929914
849702
429117
264853
220285
677885
314563
556180
864178
927908
363693
936734
251597
490578
346058
379740
646143
615080
707320
278544
590835
899789
712114
236904
814554
857663
474641
108127
107913
768844
144392
650848
237202
124819
898545
898658
764260
952676
631954
673369
380668
236166
543301
817633
904769
619063
861401
633949
161953
488461
343395
364064
240533
594088
177968
773994
346876
380512
329073
249046
406016
669567
738593
703131
332169
140347
476790
134343
422656
206531
278373
276288
189539
644295
601133
699693
390203
161850
376480
300876
334091
701727
110323
776346
432555
258873
369675
637087
644577
235888
567948
698957
857438
179762
940931
463434
701070
434338
946534
198818
527006
200436
45405
181354
602958
237298
814301
755904
747072
885754
769497
723629
255208
764367
920037
466470
674587
898451
866844
699456
237406
943984
768863
249315
921307
705013
401001
701227
125915
206073
743408
764251
409899
184178
300389
311864
219207
378950
946097
236910
267629
274131
378487
501205
707309
584077
762767
466935
179865
660463
755358
181259
237079
301009
673825
764504
938413
221485
222110
367965
698519
480143
472570
671420
474197
380683
298253
150335
693262
719069
832692
641050
755509
724376
817720
935138
379680
293431
648521
121655
303506
612925
498515
616824
766262
465841
236026
902722
467108
108171
269801
108360
206533
612915
707286
463600
645467
268428
208594
380623
275014
181593
363248
755936
764591
550749
404230
261112
487879
327889
466510
97853
926826
439819
369084
222108
395316
298339
467367
671277
240363
671225
222162
222114
661288
255626
209340
943471
234507
279483
303073
237323
204508
542473
311851
394632
466384
231149
467408
872758
701630
476839
265251
369875
310018
368494
932549
198620
374931
157048
459843
921012
467423
292806
179314
476557
242290
271091
177386
861544
663694
952496
817770
768136
755260
464786
309919
265369
747105
324625
158700
334746
703169
673478
848044
459330
179317
334633
107651
301711
240502
623282
221340
219962
782598
442343
661505
270719
179024
626370
701216
268840
364721
667541
900177
405628
898055
885623
465331
305167
279013
524464
279498
178972
324999
348950
701283
364708
397219
314762
831352
144454
766089
895840
830512
704299
482798
390946
609719
679534
467034
665434
754735
268382
275923
443809
690198
919091
294995
126163
205170
742676
742547
734191
301146
501434
482330
605484
609188
482055
691648
260595
652968
343086
674460
178131
181437
124302
501187
937984
671178
949542
795835
769368
743373
466836
178858
467185
897238
661424
818786
701758
174358
755700
460983
642804
196199
780289
849023
673648
919931
314977
719588
911809
755296
229564
732285
192802
222034
698480
269040
101349
279324
179387
178843
656011
178632
466869
501192
419792
288946
803375
221278
467378
661741
669686
689026
161773
598830
945944
251732
387022
817867
526663
255228
574655
817078
663310
222042
349763
346849
208590
277762
918918
363896
300517
755365
912492
754321
674209
945281
642702
177652
814579
151858
206268
617409
314906
215203
467161
243149
950810
179164
243032
633075
706435
724050
361342
699147
862949
882049
436985
433236
956322
949717
274149
779950
848762
144383
301609
488984
653506
123381
386402
439479
729889
750049
763664
273676
313306
208379
395313
177538
264859
693287
260129
364634
602773
440085
305412
362978
400951
235855
696131
467321
205602
239510
404954
884904
544553
826173
596889
443025
821431
467056
955909
701857
126343
364499
851563
278025
649737
144497
697674
955769
279280
922000
434835
442657
380038
531670
738348
396383
368373
277700
151480
742017
671347
315010
700446
193954
466352
600113
646286
749113
811575
326903
178550
139768
515079
645376
755585
124295
763879
718947
717042
177261
560267
747180
439515
667296
468257
814573
763400
239149
701323
378879
109925
764509
940427
277630
856012
763464
269006
607178
398434
467075
467060
879539
364723
380005
335071
569233
533130
151119
466633
912663
673997
466452
897920
938090
523922
524150
898005
673054
220991
609610
764236
373709
762996
177932
742644
126706
248881
270513
673752
678773
108399
945411
181205
268854
610087
653005
885605
324586
700866
413242
539665
654232
583924
699030
221407
901180
291998
472711
438943
763547
939308
821351
427029
234902
118373
466922
722079
733614
939625
737868
175368
301418
364757
103153
773296
904060
609204
221931
570126
373623
340631
207576
779536
742036
199030
245659
238446
236387
646245
863660
295092
692687
439548
609798
265270
364749
343636
948721
698110
501414
439703
745410
253352
395888
769589
181476
670005
701145
626680
905099
764402
315991
308382
260991
817089
349515
699595
105988
391190
335290
949306
836617
634408
467425
364697
884459
701454
251823
632885
534699
486474
592496
899101
703880
500762
884036
952859
235731
368709
654751
699618
633159
278869
325456
204706
653297
651503
670638
192392
333535
605266
364470
787846
918378
293783
126509
457171
570357
572979
133997
380137
242679
861876
704431
364409
466537
439319
899570
700839
221183
439313
865551
124998
830554
583433
475900
920469
671304
823779
897723
899126
222146
209310
466826
157126
335381
402993
651960
412091
711293
192741
910152
735662
584654
294021
177426
222155
531867
272506
335178
534676
883697
631706
364696
382748
622781
731079
431918
584511
242067
637096
516736
102795
594017
300949
289106
140848
716742
472591
793350
702086
364852
435361
514349
828514
692661
603923
643459
226817
364032
592736
120045
129254
433172
701523
424086
899082
126576
204583
508074
181411
150241
885395
181625
388178
150876
953009
180522
222087
278330
141723
857420
480254
446356
268062
651071
676732
411149
848022
590742
236993
616760
110349
905117
717520
125867
458681
380579
358279
251964
234286
375710
177364
391256
412232
134823
625640
221546
176390
479326
237302
674190
206311
736948
240464
700367
439879
661526
243148
440671
942986
220414
527174
920633
178223
422965
427516
674530
801324
389402
533577
135244
764393
598133
410770
653218
810352
177645
507151
181577
699608
460809
383344
577709
801374
277081
898097
237416
628013
328017
400349
566123
221316
568889
378878
388862
390312
456919
582291
110455
347486
124894
391121
147302
371479
466975
438478
220852
695967
220710
769887
237318
459908
922398
272629
236441
704005
952920
174950
118895
405959
238879
198632
282883
699067
190625
125642
364668
512353
818666
132137
900134
506071
701265
388976
181256
326078
742648
171542
238260
313600
439634
699477
704481
373643
390197
461693
404907
379029
395116
699454
673144
206335
751616
613080
324898
935776
830670
364718
501396
369283
846739
342867
288670
539499
742620
692639
369374
467061
179124
943670
335302
849638
178389
269538
725313
738249
466867
859134
401022
265993
848276
343822
224076
489555
364638
291599
383654
436789
126630
480161
653508
529690
643462
762075
515366
259328
342480
288697
763837
627351
108284
609794
625596
673342
943029
103407
467370
534225
465414
555349
933712
107738
699592
329141
466098
239231
702012
948391
939810
243068
771248
537468
952866
465733
791663
674225
227229
824623
779595
699570
543796
739677
221947
700246
440192
265300
944901
327237
763578
674404
363780
362903
654669
199529
824520
956826
941841
107398
763196
380700
503387
927431
664238
687039
236978
269728
772429
906567
233991
649733
754458
122074
699484
814570
818057
821259
926253
574624
301529
276876
364923
93633
300698
879444
616231
908100
268876
943767
313891
787455
539008
300759
467372
459494
823729
132501
319463
390392
673865
177504
128009
161838
699410
123732
762877
277812
176785
347330
725233
179362
356270
472355
333476
459910
527562
262571
391186
431614
268828
700709
467165
219758
861755
533223
503728
640219
123942
479232
500745
375873
862099
811543
373258
956632
699598
699635
609411
313232
396679
803579
289266
793577
849670
314699
505905
755861
124842
824966
637076
222074
125949
840535
177973
99117
295860
205107
903700
244631
378048
811385
310924
849685
633598
117971
364781
235745
183053
526763
867934
932359
340204
575243
240121
699619
178657
221244
240292
467041
221541
908121
391009
717041
261155
279062
157444
783576
126622
581815
673848
328206
439994
482837
126864
124952
536732
133594
427211
220775
147846
898623
817635
198178
500455
363675
424169
393131
700371
177120
249432
310463
181346
933145
724479
212527
625599
309261
587414
746100
179119
526775
604278
955966
432456
818777
379755
264861
642370
942473
239129
626824
550562
617403
645800
236879
864795
718873
735706
939713
698293
664256
660978
934109
238147
132375
179056
170983
590590
763410
379291
336298
410247
587804
946726
955910
118671
559586
157633
235970
467125
219997
197624
562559
763800
371089
378185
467453
207828
700350
125184
699597
434411
817171
132169
500761
237236
793051
885549
646209
898928
774879
763235
512509
450551
831064
523690
268886
364057
382377
513208
151424
380514
755876
141820
412231
240133
251693
265430
627216
738510
431892
450925
278764
125301
345325
221780
699414
279202
699403
127564
120896
314614
762377
920344
275624
444995
265471
617906
899807
902602
293958
474741
646467
416993
279018
326475
404795
518973
235269
270335
837028
208709
199531
124232
793718
370900
150526
598186
755657
212814
173120
126802
699561
108424
751490
345238
229092
863493
264290
487613
699646
512792
593234
908214
763524
627738
584253
265763
642913
755737
862514
503306
378472
404404
256416
939326
824924
590826
583254
707125
278251
222121
672008
178055
955299
461460
747330
179098
674180
611504
305288
919838
636441
644254
460484
279424
149875
317355
387735
380544
632098
221710
566417
814758
465992
179146
476978
362043
646353
501373
669773
663400
763712
177546
769985
323006
651670
698749
264555
561680
464033
662610
624296
738590
262039
885503
344790
650423
176150
155072
427550
546686
569991
249401
470414
446633
405214
613018
466917
404130
49986
643437
309934
237320
761312
670591
273936
674436
593559
699443
527663
939226
234343
237020
849627
945584
277975
661293
234601
99432
784087
584188
390342
467145
939212
943316
364545
424067
341818
584515
181523
346502
278075
745120
560118
424292
674550
279219
251915
642715
831023
704002
818684
943852
625363
912291
405609
114622
698377
254819
234049
396971
458143
278920
436791
849502
896108
722785
123712
550959
940865
699663
390343
279443
691497
715325
677727
151652
315169
742022
239485
535667
701950
107469
857959
174194
459115
817637
107639
764541
849574
814190
886067
897758
526913
808389
367856
478458
519021
857785
369331
673271
756003
811307
634463
475919
179045
898656
205943
940917
372467
131031
927014
237976
590650
600828
405369
221849
922978
458189
699648
221960
251345
728540
379068
167707
439817
742561
518475
478846
699656
115938
445163
439990
308115
277272
846633
291805
567528
178967
817272
107823
102640
456991
476812
397001
479028
673807
127863
661114
124639
830461
312992
315497
151823
235746
317613
460056
237266
179330
364105
140654
849534
129074
370867
811578
922404
831042
793764
466319
646044
699289
108596
102351
764270
938978
335430
480246
789866
803443
651736
249458
503393
955786
363697
151840
825725
527334
466760
254153
239532
674112
836180
103749
895940
402214
642051
124017
431286
181006
511309
466969
930653
335431
661322
511958
637421
826203
641468
826097
361875
329417
251788
849548
457117
222085
369333
241839
688698
319691
440552
755556
179852
517701
940928
262902
240400
658968
391187
241084
405321
389956
480068
738698
879447
364113
288123
405921
762150
699406
812962
898266
485888
863697
132470
570656
179170
856500
865590
241871
922079
849665
278586
173197
236076
297762
411863
478619
237316
288994
746956
270888
279585
654534
199874
316713
749119
380282
239732
661193
499383
341054
458749
940131
168480
124865
335176
749405
699684
300937
626972
107496
898406
265392
335588
570051
427178
317810
575137
264871
124890
200291
431435
672799
558841
885899
702188
703356
126598
367122
364917
672883
848109
518235
240116
178849
699393
240009
314623
748611
401905
588818
584099
482109
700832
817544
181707
344467
314284
939410
129078
108362
395049
522231
560053
943044
133958
432584
698065
501489
847613
181614
199882
182206
108409
397214
116805
325745
863126
238181
466224
764104
464331
724346
570212
391242
671392
467333
221896
325478
840950
955912
603137
788671
439638
380733
106286
666238
245506
184018
687528
467365
378036
413181
645558
849500
851315
148185
309141
178934
126062
290933
658208
632727
707433
151769
745956
249537
671921
718867
405924
405196
617307
181491
746183
516183
764642
198633
322821
220409
559289
769218
184082
239622
768714
522216
429922
322588
181046
410877
357180
702190
841053
900061
660096
858203
350245
674391
466616
343668
364240
645944
518372
926655
313657
397463
179044
450756
830944
439787
119894
437470
151501
662633
673916
723378
354598
473343
892580
287355
755191
668065
350423
221264
896148
252118
127347
811830
178142
258050
287943
660727
240482
897585
466264
609905
305173
661487
397113
376644
817613
273075
518377
703890
138847
179345
550564
736525
130712
676833
500392
755849
240513
416822
942648
584478
917698
227436
730856
557877
266850
407640
260891
405976
440257
616571
289304
730803
360923
434129
650570
178702
364896
574369
795684
609809
199474
745818
289370
466513
863312
161162
310239
105936
764147
466266
502444
278841
287963
404449
312394
172599
632054
397040
109657
624893
220709
325974
474988
465304
341743
403968
750792
749081
317015
275446
849551
300364
130850
755618
932749
571836
310862
659401
240579
462944
670889
438237
852005
659511
817701
926965
278356
237147
905341
544241
741669
108164
178579
478483
257146
279519
651773
181175
179343
466355
551589
643157
900120
113640
183191
107392
461355
335107
221633
239421
534198
632247
467424
605271
439771
185507
953186
115402
386775
108556
661434
120174
260106
746159
480059
289335
661195
782860
107572
278835
176816
858162
107882
139641
892836
857812
636085
609634
849503
699579
271064
701957
108435
486820
259530
560435
301874
952719
409568
313648
761455
424414
240412
361991
639461
270628
929989
241957
200349
738267
289656
666636
268943
539956
893433
646243
849644
127556
930514
556567
644422
466223
649752
337167
364740
379803
334045
181540
236934
510992
507071
556988
823120
764786
930246
699275
584754
534381
316897
118018
906115
534692
305380
377797
253660
279590
379576
237239
755784
258612
466653
724114
363756
646443
391561
322863
405514
817811
950684
272853
486569
884588
221624
405774
646424
150502
814800
917022
625811
857924
467382
431900
268695
404699
460849
434680
626303
901446
178133
140341
482443
466291
215569
273446
652057
222050
831005
925988
498405
240439
755949
134894
651599
628357
224799
699705
903659
856707
193175
467208
699697
560189
636055
590805
141391
701199
532798
813662
120267
501430
312038
939897
150971
264711
221637
526258
385440
314974
131304
404614
304207
236890
107762
537985
126770
645468
296487
574104
583290
791532
609961
952888
178265
276273
346382
148037
513393
922972
196958
278115
643093
501166
287155
179309
316850
500369
204224
699607
179229
866033
404109
763576
177573
939429
426440
372498
760500
723949
954010
879145
221565
125593
123306
390132
827792
702215
516952
316564
179273
714481
439180
852782
482095
482601
236796
924835
780157
661184
885370
402429
364624
763457
485130
237036
918057
251998
305168
108573
118216
699320
617439
494464
680439
380605
805881
468373
183845
647495
711294
474843
179071
561786
379791
437620
135012
108588
371758
377218
319796
699016
278052
898567
858140
327671
893965
844270
278894
151098
278346
557471
739530
178898
836982
754959
748795
354530
144449
702163
174669
228013
650700
362912
278691
667049
328816
390747
737537
221840
178146
405867
653699
825775
763215
794873
632932
299671
703273
179285
673142
348854
220066
575526
277708
489288
126350
221980
452993
900149
98740
609820
647457
803464
586466
347551
904580
463990
255207
704058
764621
633984
205772
279503
238962
898408
700835
865634
934065
946081
239954
467154
278457
156067
116940
828381
817282
364700
359973
368411
106499
940137
904541
149882
387715
768752
701845
126881
435162
315692
898565
764094
539544
755550
700597
500978
119946
690553
933139
755552
467186
309598
413191
560046
584346
326360
381499
203583
266102
232699
163562
693243
107532
148995
802359
941354
551256
617493
180224
661415
811546
893802
162199
108518
467166
938399
661246
210800
769750
277471
817773
698256
940530
817834
698369
576569
45550
208677
849505
701115
157948
412824
650676
633739
334697
129185
844541
179297
702203
264066
270718
236136
179248
632965
515803
697902
479340
784275
803085
368369
780463
174831
584275
240137
671219
390589
124275
664687
84930
535361
662804
107450
849581
525938
900139
817607
811455
467273
719528
759735
818528
502200
119940
169786
763768
440104
511954
267228
243854
699685
185627
346177
709080
617013
434775
132199
484680
504654
124766
248976
645515
151347
738141
287947
515416
108154
161970
938493
397447
379747
125345
502466
446273
895532
405649
237467
153876
236487
955785
463867
199105
436836
139989
536572
163579
184193
236614
278623
546643
179155
850726
720243
260687
108586
466400
653323
815989
458753
122742
178932
267728
824373
292290
939225
559914
279528
328823
343152
501327
440537
501165
917919
849484
144346
518776
599847
462238
467381
292342
464765
391366
517041
939509
750727
666844
460833
479830
627159
674475
222031
799277
236751
900111
148659
277753
405584
231174
102890
945207
264121
699703
577174
465530
277681
447004
817693
380000
435316
157213
584481
842285
699825
466689
774096
724249
662937
465963
699552
814824
707364
746118
293067
262517
391442
464012
198440
180681
405895
900080
272716
476813
373712
209458
745373
160836
648534
461652
701222
744006
466833
939584
674547
817114
98105
222157
475499
228011
524385
701361
847320
108323
699613
705494
633121
317520
374344
649535
466986
927496
240293
257272
535261
126619
742031
107944
933304
254938
373633
933983
661185
699323
380646
646378
179144
400742
278351
279490
113838
646430
534510
219588
587284
396748
383780
369750
464440
258148
278870
664838
702154
548093
237326
752445
432849
259692
498219
748764
887237
183732
501416
737784
815819
880410
150921
808539
467329
315798
124396
139678
644214
300180
633734
898551
343776
400113
272887
720260
310269
324469
301285
706375
793197
787555
390991
270631
124363
699638
750764
240562
467427
849573
701096
648052
455362
112941
404902
268915
364009
192524
364788
764259
344209
692574
343247
817641
151435
534774
266035
198456
439712
360614
774034
237301
804685
110374
192342
439476
664513
672145
706152
661291
134161
815927
380493
250274
526720
558325
742543
179151
238935
653476
380212
360896
811898
453191
600893
323459
93603
632080
667257
646313
345720
464036
130550
588540
410547
278229
390219
432894
385913
379321
197215
296453
703540
467445
431138
439657
507152
237797
937359
234280
535225
701150
380629
402813
222169
405425
747452
182103
437282
901164
667856
367210
742232
175397
942142
652019
723299
621732
631749
479217
247146
472557
905812
270590
952850
700358
265364
412296
344351
236187
676781
932751
600870
236561
459635
127657
704214
849578
827520
559619
762281
179274
646437
463584
703962
811582
97725
661337
461669
475985
848332
178152
652047
159913
179281
750655
511539
156426
467135
849217
652085
793929
444918
257120
460436
584498
440320
651091
608916
817242
46657
699308
617028
442694
480149
953286
236722
569852
928236
646006
175054
206964
462431
219627
369114
763745
698082
645487
945408
423237
117099
364819
717557
909942
174702
936022
120058
239747
699536
905309
124058
608860
760284
652044
724387
703097
699569
518515
237394
363721
803166
423496
593808
179257
431659
674769
151368
460286
651933
339780
574223
296815
654760
291582
461492
118689
756590
849585
927874
584108
698768
391717
929179
467394
665091
466514
177476
735215
500184
361105
380727
140622
238696
817283
832774
501452
898513
273166
362916
383194
805351
277381
699969
609504
368392
938957
588041
480202
780051
464587
251430
609734
130794
148994
383757
180109
824428
939198
440357
599974
405312
632330
320849
223868
397045
380177
265034
753740
729985
239625
808916
699617
894341
719797
769505
523549
177799
124042
466703
900033
754320
463072
472659
567472
235109
635830
197587
222109
268092
474691
559267
938550
368355
539524
699986
232700
259613
584473
811542