644011 2.65531914893617 848044 4.656826568265683
369283 2.7984189723320156 125475 4.8
278774 2.9722222222222223 673300 4.973584905660378
252151 3.004032258064516 118895 5.0049751243781095
726410 3.075 776670 5.075342465753424
945317 3.2291666666666665 609798 5.229665071770335
650122 3.233502538071066 279398 5.233846153846154
478541 3.234042553191489 600113 5.234875444839858
738593 3.2990654205607477 764509 5.299242424242424
656011 3.403587443946188 653885 5.564766839378239
150525 3.431547619047619 653885 5.564766839378239
275014 3.4448529411764706 653885 5.564766839378239
144046 3.458823529411765 653885 5.564766839378239
742648 3.4656488549618323 653885 5.564766839378239
737579 3.4836601307189543 653885 5.564766839378239
157048 3.520446096654275 653885 5.564766839378239
643755 3.5350877192982457 653885 5.564766839378239
864029 3.5445026178010473 653885 5.564766839378239
221931 3.5492227979274613 653885 5.564766839378239
642674 3.57085020242915 148927 5.571428571428571
126693 3.576642335766423 487879 5.576923076923077
150966 3.577639751552795 237406 5.578313253012048
769368 3.5801526717557253 945944 5.580882352941177
332169 3.6184738955823295 326078 5.619230769230769
156537 3.619335347432024 569233 5.620535714285714
282886 3.626865671641791 821431 5.626943005181347
326017 3.626943005181347 265409 5.627450980392157
701727 3.633879781420765 724149 5.634146341463414
378857 3.6622222222222223 704129 5.663043478260869
126576 3.6774193548387095 124608 5.67870036101083
698480 3.6796536796536796 676732 5.68
645424 3.6844444444444444 488450 5.684782608695652
766089 3.721311475409836 467366 5.72289156626506
221647 3.729591836734694 258263 5.73037542662116
237288 3.7590361445783134 337369 5.761627906976744
380037 3.7908163265306123 346058 5.791443850267379
240601 3.7916666666666665 311851 5.791666666666667
648848 3.7972350230414746 673144 5.797794117647059
237317 3.8048780487804876 229255 5.804964539007092
631954 3.8125 613079 5.812765957446809
655340 3.8217391304347825 661403 5.821989528795812
180522 3.863849765258216 290324 5.864864864864865
288905 3.8733031674208145 692661 5.873333333333333
847982 3.876847290640394 741393 5.878787878787879
221316 3.881443298969072 607178 5.882716049382716
698110 3.88268156424581 607178 5.882716049382716
287524 3.8969957081545066 524150 5.900473933649289
306950 3.908 460237 5.909090909090909
294338 3.913544668587896 862154 5.913669064748201
660463 3.9178571428571427 716742 5.917910447761194
952321 3.9318181818181817 932546 5.933333333333334
237416 3.933333333333333 932546 5.933333333333334
569437 3.959090909090909 627351 5.960264900662252
703169 3.9604519774011298 884376 5.9605263157894735
655484 3.961864406779661 344294 5.963503649635037
654068 3.972413793103448 642134 5.97244094488189
179124 3.973856209150327 849510 5.9772727272727275
306779 3.984313725490196 642837 5.98443579766537
846739 3.98943661971831 179282 5.990936555891238
235311 3.9914529914529915 166452 5.991525423728813
858125 3.992248062015504 763461 5.99236641221374
125867 3.9964912280701754 252278 6.0
221317 4.0 252278 6.0
701857 4.0 252278 6.0
762767 4.023166023166024 701305 6.026315789473684
219207 4.023498694516971 701305 6.026315789473684
277270 4.024767801857585 701305 6.026315789473684
220384 4.025 701305 6.026315789473684
121703 4.025316455696203 701305 6.026315789473684
387537 4.027888446215139 299737 6.0285714285714285
324898 4.02834008097166 299737 6.0285714285714285
405953 4.03 125823 6.032967032967033
400417 4.030188679245283 125823 6.032967032967033
939703 4.031645569620253 125823 6.032967032967033
150522 4.034653465346534 359957 6.035175879396985
512016 4.036363636363636 627618 6.037974683544304
107104 4.0369127516778525 627618 6.037974683544304
160970 4.038062283737024 335302 6.04
750606 4.03862660944206 335302 6.04
349515 4.038888888888889 335302 6.04
738249 4.038961038961039 335302 6.04
379123 4.040909090909091 439367 6.043715846994536
710595 4.045918367346939 900091 6.045918367346939
198818 4.045936395759718 315827 6.045977011494253
124295 4.050724637681159 440381 6.050761421319797
265140 4.050761421319797 440381 6.050761421319797
220021 4.052369077306733 480278 6.052631578947368
378720 4.057777777777778 179389 6.058064516129032
469342 4.058252427184466 378879 6.058282208588957
466633 4.058441558441558 467185 6.059523809523809
755137 4.0588235294117645 467185 6.059523809523809
693287 4.059701492537314 284663 6.060283687943262
570329 4.06046511627907 636038 6.064516129032258
699477 4.061674008810573 636038 6.064516129032258
192802 4.062730627306273 636038 6.064516129032258
674556 4.06949806949807 396383 6.070921985815603
242290 4.071428571428571 642702 6.071969696969697
134343 4.07488986784141 701454 6.075221238938053
633949 4.0754716981132075 814554 6.076576576576577
151398 4.079646017699115 653506 6.08080808080808
322490 4.08235294117647 364891 6.083333333333333
177538 4.083067092651757 364891 6.083333333333333
220540 4.092592592592593 364499 6.092592592592593
507151 4.1078838174273855 337325 6.1098901098901095
707455 4.108808290155441 337325 6.1098901098901095
222114 4.10969387755102 337325 6.1098901098901095
814301 4.1171875 343640 6.1183206106870225
363693 4.1182266009852215 343640 6.1183206106870225
313550 4.11875 448756 6.120996441281139
369374 4.120967741935484 448756 6.120996441281139
818666 4.122340425531915 600251 6.122580645161291
199411 4.12280701754386 885842 6.123376623376624
196768 4.127272727272727 763547 6.129277566539924
673997 4.127413127413128 763547 6.129277566539924
755904 4.128888888888889 763547 6.129277566539924
236294 4.129707112970712 939434 6.131067961165049
200314 4.13103448275862 939434 6.131067961165049
511806 4.132404181184669 948548 6.134615384615385
181099 4.140845070422535 367965 6.141447368421052
171542 4.146017699115045 466836 6.146341463414634
364844 4.147619047619048 731140 6.1477272727272725
423025 4.149253731343284 948721 6.149253731343284
634408 4.152838427947598 404207 6.152941176470589
380579 4.1535087719298245 369465 6.155063291139241
380741 4.15625 439715 6.157608695652174
501205 4.1647058823529415 708563 6.164948453608248
298524 4.169014084507042 315010 6.169398907103825
108286 4.177935943060498 301418 6.178260869565217
381478 4.178899082568807 764434 6.181481481481481
158700 4.186813186813187 646420 6.187234042553191
627252 4.197368421052632 747180 6.197452229299363
696769 4.207100591715976 158131 6.207964601769912
204536 4.207885304659499 158131 6.207964601769912
939802 4.21025641025641 500590 6.212290502793296
181478 4.211469534050179 500590 6.212290502793296
120212 4.213166144200627 886031 6.2165605095541405
147302 4.213855421686747 886031 6.2165605095541405
143527 4.2153846153846155 886031 6.2165605095541405
527780 4.21578947368421 886031 6.2165605095541405
577754 4.215827338129497 886031 6.2165605095541405
293064 4.217910447761194 698667 6.2190082644628095
324403 4.221674876847291 764367 6.222222222222222
121655 4.223642172523961 432555 6.224719101123595
936734 4.226950354609929 689026 6.2288557213930345
241219 4.229268292682927 912297 6.229411764705882
665434 4.229591836734694 551383 6.230769230769231
698870 4.2314410480349345 181259 6.233676975945017
108171 4.236111111111111 717520 6.236559139784946
293431 4.240579710144927 701283 6.241610738255034
179816 4.242647058823529 721292 6.245810055865922
157126 4.2434456928838955 721292 6.245810055865922
249029 4.244604316546763 721292 6.245810055865922
248632 4.246696035242291 817391 6.2481203007518795
222146 4.249336870026525 501030 6.2513089005235605
438218 4.25 501030 6.2513089005235605
151395 4.2507374631268435 501030 6.2513089005235605
228012 4.251798561151079 628292 6.253164556962025
240425 4.253164556962025 628292 6.253164556962025
209423 4.254612546125461 892404 6.25503355704698
151480 4.261006289308176 762772 6.262773722627737
206311 4.261818181818182 762772 6.262773722627737
221546 4.262086513994911 762772 6.262773722627737
178527 4.262658227848101 762772 6.262773722627737
735662 4.262711864406779 762772 6.262773722627737
342867 4.263829787234043 466852 6.264705882352941
867410 4.2639593908629445 466852 6.264705882352941
439871 4.266666666666667 716618 6.267379679144385
130813 4.270370370370371 467258 6.273255813953488
126163 4.270462633451957 467258 6.273255813953488
717042 4.270491803278689 467258 6.273255813953488
240853 4.274368231046932 404230 6.275280898876405
123824 4.275985663082437 467061 6.276243093922652
123381 4.276223776223776 467061 6.276243093922652
237323 4.277551020408163 501434 6.278947368421052
243149 4.285198555956678 308382 6.289340101522843
234902 4.285714285714286 308382 6.289340101522843
475130 4.285714285714286 308382 6.289340101522843
729889 4.285714285714286 308382 6.289340101522843
259612 4.290322580645161 849068 6.290502793296089
653868 4.294736842105263 242679 6.296296296296297
738064 4.300448430493273 251182 6.3007518796992485
108274 4.304498269896194 364470 6.306603773584905
609204 4.306397306397306 364470 6.306603773584905
178389 4.306962025316456 259328 6.308035714285714
542604 4.3097345132743365 124819 6.3107344632768365
460054 4.310112359550562 124819 6.3107344632768365
278869 4.3119266055045875 174699 6.317073170731708
390312 4.315 174699 6.317073170731708
221485 4.315384615384615 174699 6.317073170731708
566123 4.316326530612245 174699 6.317073170731708
234286 4.316498316498317 174699 6.317073170731708
811273 4.317460317460317 574811 6.318181818181818
870796 4.317972350230415 574811 6.318181818181818
640327 4.319502074688796 896492 6.321951219512195
221615 4.319899244332493 896492 6.321951219512195
221975 4.321243523316062 896492 6.321951219512195
108550 4.32258064516129 810220 6.324324324324325
538499 4.32258064516129 810220 6.324324324324325
667296 4.323076923076923 810220 6.324324324324325
263541 4.323636363636363 810220 6.324324324324325
178309 4.324074074074074 810220 6.324324324324325
161773 4.333333333333333 508074 6.333333333333333
848276 4.3357933579335795 278544 6.336448598130841
546608 4.336538461538462 733614 6.336842105263158
361310 4.336842105263158 733614 6.336842105263158
190625 4.337121212121212 240191 6.341176470588235
274113 4.337209302325581 240191 6.341176470588235
343086 4.337552742616034 240191 6.341176470588235
431880 4.345 706435 6.346153846153846
632885 4.345528455284553 706435 6.346153846153846
295478 4.347417840375587 199048 6.350806451612903
534676 4.35 199048 6.350806451612903
221513 4.3549222797927465 661515 6.3563829787234045
309752 4.356435643564357 849641 6.35754189944134
273810 4.356617647058823 849641 6.35754189944134
702204 4.3577981651376145 143775 6.357976653696498
113200 4.360594795539034 210537 6.363636363636363
467299 4.363636363636363 210537 6.363636363636363
643459 4.365957446808511 567948 6.368421052631579
234507 4.368888888888889 922000 6.373913043478261
940864 4.36986301369863 922000 6.373913043478261
949651 4.37 922000 6.373913043478261
120232 4.370588235294117 922000 6.373913043478261
221340 4.371428571428571 922000 6.373913043478261
237298 4.372469635627531 922000 6.373913043478261
350294 4.373711340206185 922000 6.373913043478261
334118 4.376190476190477 669686 6.376623376623376
612925 4.376404494382022 669686 6.376623376623376
269801 4.377862595419847 278680 6.386885245901639
690198 4.378151260504202 278680 6.386885245901639
741990 4.379084967320262 278680 6.386885245901639
218831 4.3806584362139915 278680 6.386885245901639
119033 4.386018237082067 278680 6.386885245901639
404954 4.387755102040816 648986 6.388489208633094
644295 4.391304347826087 156803 6.392523364485982
205192 4.395522388059701 863648 6.4
674008 4.396946564885496 863648 6.4
937984 4.396946564885496 863648 6.4
314563 4.398406374501992 863648 6.4
474673 4.4 863648 6.4
480364 4.403846153846154 955909 6.404651162790698
460809 4.409638554216867 308196 6.4120603015075375
438943 4.410891089108911 308196 6.4120603015075375
466537 4.412903225806452 769887 6.418181818181818
388862 4.417293233082707 769887 6.418181818181818
118373 4.4188311688311686 814579 6.423728813559322
229564 4.41970802919708 814579 6.423728813559322
762075 4.420091324200913 814579 6.423728813559322
108324 4.421052631578948 814579 6.423728813559322
787718 4.421052631578948 814579 6.423728813559322
899082 4.423076923076923 814579 6.423728813559322
99802 4.423611111111111 814579 6.423728813559322
236762 4.424 439515 6.424657534246576
858801 4.427184466019417 834285 6.42741935483871
570083 4.427884615384615 946097 6.430232558139535
222054 4.429752066115703 946097 6.430232558139535
268878 4.43010752688172 946097 6.430232558139535
389402 4.431372549019608 531867 6.433333333333334
142736 4.432 531867 6.433333333333334
701070 4.432624113475177 531867 6.433333333333334
206237 4.43609022556391 251732 6.436681222707423
125119 4.4375 920469 6.44
209262 4.437768240343348 920469 6.44
173878 4.438202247191011 920469 6.44
461304 4.438356164383562 920469 6.44
222055 4.439473684210526 920469 6.44
906760 4.441666666666666 501381 6.44385026737968
856012 4.442211055276382 501381 6.44385026737968
884459 4.443037974683544 501381 6.44385026737968
273676 4.443636363636363 501381 6.44385026737968
206570 4.443661971830986 501381 6.44385026737968
440464 4.443902439024391 238783 6.445141065830721
338141 4.443946188340807 238783 6.445141065830721
874737 4.443946188340807 238783 6.445141065830721
466929 4.444444444444445 238783 6.445141065830721
467306 4.445121951219512 238783 6.445141065830721
108399 4.446428571428571 379393 6.449579831932773
945411 4.447916666666667 379393 6.449579831932773
239510 4.448717948717949 379393 6.449579831932773
479984 4.448818897637795 379393 6.449579831932773
574655 4.453608247422681 892400 6.454545454545454
382143 4.454918032786885 650848 6.4572490706319705
707258 4.455172413793103 650848 6.4572490706319705
183493 4.456375838926174 650848 6.4572490706319705
334746 4.458333333333333 898247 6.464285714285714
176390 4.458483754512636 898247 6.464285714285714
107913 4.459183673469388 898247 6.464285714285714
238879 4.45945945945946 898247 6.464285714285714
382579 4.459821428571429 898247 6.464285714285714
645992 4.459821428571429 898247 6.464285714285714
646005 4.460869565217391 898247 6.464285714285714
293539 4.461077844311378 898247 6.464285714285714
592023 4.46218487394958 898247 6.464285714285714
894236 4.465437788018433 364858 6.465753424657534
623282 4.46829268292683 539225 6.46875
249020 4.468531468531468 539225 6.46875
472591 4.4688995215311005 836617 6.4754901960784315
108598 4.4709897610921505 836617 6.4754901960784315
208143 4.472324723247232 836617 6.4754901960784315
335263 4.472477064220183 836617 6.4754901960784315
112979 4.472727272727273 836617 6.4754901960784315
224063 4.474708171206226 836617 6.4754901960784315
120476 4.475247524752476 836617 6.4754901960784315
818703 4.475935828877005 466754 6.479041916167665
488821 4.47741935483871 466754 6.479041916167665
265558 4.478260869565218 466754 6.479041916167665
243148 4.48015873015873 436985 6.482051282051282
210879 4.480952380952381 436985 6.482051282051282
946534 4.481481481481482 436985 6.482051282051282
440534 4.482587064676617 108363 6.483333333333333
852684 4.482587064676617 108363 6.483333333333333
793874 4.483870967741935 699693 6.4867724867724865
257280 4.485611510791367 699693 6.4867724867724865
108009 4.485915492957746 699693 6.4867724867724865
755358 4.488986784140969 398434 6.489451476793249
672504 4.492307692307692 479326 6.493023255813953
266385 4.496296296296296 501396 6.4972972972972975
157658 4.497652582159624 364668 6.502283105022831
872758 4.497777777777777 364668 6.502283105022831
940931 4.5 364668 6.502283105022831
478465 4.502487562189055 952920 6.503597122302159
466932 4.503105590062112 952920 6.503597122302159
269018 4.503759398496241 436789 6.507772020725389
949306 4.504065040650406 436789 6.507772020725389
681431 4.506410256410256 436789 6.507772020725389
913854 4.507042253521127 436789 6.507772020725389
472570 4.507177033492823 436789 6.507772020725389
139768 4.5071942446043165 436789 6.507772020725389
439575 4.511111111111111 905411 6.51123595505618
255228 4.511627906976744 362610 6.515695067264574
573571 4.513513513513513 362610 6.515695067264574
268854 4.514705882352941 362610 6.515695067264574
135244 4.516516516516517 699412 6.517006802721088
112995 4.516528925619835 699412 6.517006802721088
176965 4.518032786885246 222110 6.519083969465649
642804 4.518218623481781 222110 6.519083969465649
819686 4.524590163934426 257787 6.53015873015873
244179 4.525547445255475 257787 6.53015873015873
705013 4.527472527472527 257787 6.53015873015873
294995 4.531531531531532 699706 6.531914893617022
945926 4.531578947368421 699706 6.531914893617022
405703 4.532203389830508 861845 6.536231884057971
192741 4.5353159851301115 861845 6.536231884057971
646440 4.536363636363636 439768 6.538043478260869
380668 4.539823008849558 482798 6.541666666666667
220106 4.541884816753926 654363 6.543689320388349
456979 4.542483660130719 654363 6.543689320388349
430085 4.5432525951557095 654363 6.543689320388349
364681 4.545023696682464 899723 6.545918367346939
242986 4.5458015267175576 899723 6.545918367346939
394632 4.546666666666667 584460 6.547058823529412
206051 4.548736462093863 754735 6.555555555555555
235252 4.549407114624506 754735 6.555555555555555
460207 4.55 754735 6.555555555555555
534869 4.552238805970149 754735 6.555555555555555
220710 4.557213930348259 609667 6.557213930348259
929914 4.557471264367816 811575 6.5625
777662 4.56 811575 6.5625
754633 4.561728395061729 811575 6.5625
619063 4.562162162162162 811575 6.5625
534699 4.5625 811575 6.5625
701126 4.563380281690141 369882 6.565079365079365
764221 4.563706563706564 369882 6.565079365079365
380583 4.565217391304348 334688 6.566371681415929
769171 4.568181818181818 388217 6.570281124497992
612915 4.571428571428571 589378 6.574585635359116
177697 4.572347266881029 589378 6.574585635359116
891703 4.572769953051643 589378 6.574585635359116
236387 4.573170731707317 589378 6.574585635359116
356837 4.574162679425838 589378 6.574585635359116
803493 4.574766355140187 750726 6.579268292682927
222155 4.574803149606299 750726 6.579268292682927
151831 4.575384615384616 750726 6.579268292682927
279445 4.576802507836991 750726 6.579268292682927
181411 4.577617328519856 750726 6.579268292682927
955902 4.578199052132701 750726 6.579268292682927
885913 4.578947368421052 750726 6.579268292682927
707103 4.582010582010582 699454 6.584033613445378
258873 4.582781456953643 699454 6.584033613445378
446722 4.583756345177665 699454 6.584033613445378
947753 4.5851851851851855 956322 6.588235294117647
787933 4.586466165413534 956322 6.588235294117647
200718 4.586805555555555 956322 6.588235294117647
108527 4.588850174216028 849672 6.591954022988506
403789 4.593023255813954 857438 6.593984962406015
671381 4.593548387096774 857438 6.593984962406015
705693 4.593582887700535 857438 6.593984962406015
885395 4.593984962406015 857438 6.593984962406015
179333 4.594059405940594 531244 6.601307189542483
761677 4.595454545454546 531244 6.601307189542483
300679 4.6 531244 6.601307189542483
769787 4.60093896713615 531244 6.601307189542483
944883 4.601036269430052 531244 6.601307189542483
768863 4.601851851851852 911911 6.613636363636363
764435 4.602409638554217 911911 6.613636363636363
848762 4.602409638554217 911911 6.613636363636363
161850 4.603658536585366 911911 6.613636363636363
274149 4.605072463768116 911911 6.613636363636363
108528 4.6063829787234045 911911 6.613636363636363
217773 4.607508532423208 911911 6.613636363636363
724224 4.607843137254902 911911 6.613636363636363
699504 4.608695652173913 911911 6.613636363636363
97853 4.608695652173913 911911 6.613636363636363
126706 4.608856088560886 911911 6.613636363636363
737581 4.609302325581395 911911 6.613636363636363
534816 4.609589041095891 911911 6.613636363636363
699030 4.609649122807017 911911 6.613636363636363
773838 4.611510791366906 911911 6.613636363636363
849577 4.6117647058823525 911911 6.613636363636363
178267 4.613003095975232 911911 6.613636363636363
351054 4.613636363636363 911911 6.613636363636363
500826 4.616279069767442 830616 6.617449664429531
391256 4.616504854368932 830616 6.617449664429531
935776 4.616883116883117 830616 6.617449664429531
346744 4.617100371747212 830616 6.617449664429531
718755 4.620481927710843 875495 6.634146341463414
842597 4.620689655172414 875495 6.634146341463414
364634 4.621359223300971 875495 6.634146341463414
255485 4.622137404580153 875495 6.634146341463414
237893 4.623376623376624 875495 6.634146341463414
661741 4.624309392265193 875495 6.634146341463414
108565 4.624573378839591 875495 6.634146341463414
472463 4.6255506607929515 875495 6.634146341463414
533608 4.628378378378378 875495 6.634146341463414
702212 4.6310160427807485 875495 6.634146341463414
333535 4.631067961165049 875495 6.634146341463414
262387 4.632352941176471 875495 6.634146341463414
943670 4.634146341463414 875495 6.634146341463414
439819 4.635 643462 6.635869565217392
308808 4.635467980295567 643462 6.635869565217392
651559 4.635761589403973 643462 6.635869565217392
220991 4.636842105263158 575202 6.640909090909091
272506 4.637209302325582 575202 6.640909090909091
191382 4.637404580152672 575202 6.640909090909091
343822 4.63855421686747 575202 6.640909090909091
662356 4.638888888888889 575202 6.640909090909091
817978 4.648854961832061 135575 6.65
883697 4.651006711409396 674209 6.653284671532846
391635 4.655172413793103 745410 6.655172413793103
848044 4.656826568265683 704481 6.65979381443299
176446 4.658088235294118 704481 6.65979381443299
140011 4.658273381294964 704481 6.65979381443299
178223 4.659305993690852 704481 6.65979381443299
922398 4.660714285714286 560267 6.663043478260869
255626 4.662745098039216 560267 6.663043478260869
828514 4.665384615384616 129254 6.666666666666667
279013 4.6656346749226 129254 6.666666666666667
702086 4.666666666666667 129254 6.666666666666667
764393 4.666666666666667 129254 6.666666666666667
295092 4.66764705882353 628248 6.670886075949367
498591 4.668711656441718 628248 6.670886075949367
352870 4.669117647058823 628248 6.670886075949367
232818 4.66996699669967 628248 6.670886075949367
240589 4.670731707317073 628248 6.670886075949367
502275 4.671140939597316 830943 6.672955974842767
362189 4.671428571428572 830943 6.672955974842767
899772 4.673469387755102 755700 6.683127572016461
204583 4.674074074074074 755700 6.683127572016461
631706 4.674329501915709 755700 6.683127572016461
429117 4.674556213017752 755700 6.683127572016461
108433 4.6749116607773855 755700 6.683127572016461
849479 4.676646706586826 755700 6.683127572016461
221183 4.677002583979328 755700 6.683127572016461
731433 4.681592039800995 755700 6.683127572016461
766262 4.682051282051282 755700 6.683127572016461
779536 4.682539682539683 755700 6.683127572016461
115791 4.6826923076923075 755700 6.683127572016461
940553 4.684931506849315 830512 6.690322580645161
560099 4.686390532544379 830512 6.690322580645161
490578 4.686991869918699 830512 6.690322580645161
208590 4.6875 830512 6.690322580645161
896253 4.690217391304348 830512 6.690322580645161
255208 4.690566037735849 562054 6.691780821917808
476790 4.690582959641255 562054 6.691780821917808
849606 4.6909090909090905 562054 6.691780821917808
932994 4.691780821917808 562054 6.691780821917808
108053 4.692041522491349 108239 6.694915254237288
912663 4.6923076923076925 108239 6.694915254237288
179319 4.693037974683544 108239 6.694915254237288
446225 4.6938775510204085 108239 6.694915254237288
609719 4.694352159468439 108239 6.694915254237288
500576 4.694915254237288 108239 6.694915254237288
195928 4.696428571428571 650150 6.696750902527076
511311 4.696428571428571 650150 6.696750902527076
920037 4.696428571428571 650150 6.696750902527076
141723 4.697247706422019 900037 6.702020202020202
237347 4.69758064516129 900037 6.702020202020202
501192 4.698324022346369 900037 6.702020202020202
745958 4.7 900037 6.702020202020202
379581 4.701754385964913 900037 6.702020202020202
498515 4.702247191011236 342246 6.7109375
702067 4.702857142857143 342246 6.7109375
178347 4.703821656050955 342246 6.7109375
763653 4.705426356589148 342246 6.7109375
897920 4.705882352941177 342246 6.7109375
334277 4.706976744186046 342246 6.7109375
465533 4.7073170731707314 342246 6.7109375
792351 4.7073170731707314 342246 6.7109375
848157 4.7073170731707314 342246 6.7109375
466935 4.708860759493671 342246 6.7109375
701523 4.711956521739131 652037 6.712727272727273
181593 4.712280701754386 652037 6.712727272727273
161953 4.712538226299694 652037 6.712727272727273
379462 4.712962962962963 279498 6.712990936555891
633075 4.713235294117647 364833 6.719047619047619
793350 4.713513513513513 364833 6.719047619047619
127505 4.715025906735751 364833 6.719047619047619
479149 4.715415019762846 364833 6.719047619047619
467075 4.715909090909091 364833 6.719047619047619
230517 4.7164179104477615 364833 6.719047619047619
755205 4.716814159292035 364833 6.719047619047619
698305 4.717299578059071 364833 6.719047619047619
883137 4.71957671957672 955316 6.728888888888889
364697 4.719626168224299 955316 6.728888888888889
648521 4.721238938053097 955316 6.728888888888889
383654 4.721973094170403 955316 6.728888888888889
396775 4.7226277372262775 955316 6.728888888888889
315821 4.724137931034483 955316 6.728888888888889
279595 4.724242424242425 955316 6.728888888888889
501947 4.725118483412322 955316 6.728888888888889
702217 4.725225225225225 955316 6.728888888888889
754846 4.726872246696035 955316 6.728888888888889
697749 4.730769230769231 380731 6.731601731601732
331382 4.733668341708543 111809 6.736585365853658
653218 4.734375 111809 6.736585365853658
486474 4.734513274336283 111809 6.736585365853658
955920 4.734597156398104 111809 6.736585365853658
404907 4.73462783171521 111809 6.736585365853658
787866 4.735294117647059 111809 6.736585365853658
673054 4.735632183908046 111809 6.736585365853658
602958 4.7357512953367875 111809 6.736585365853658
300406 4.737556561085973 817771 6.739130434782608
108504 4.7386759581881535 817771 6.739130434782608
910152 4.7388059701492535 817771 6.739130434782608
343815 4.738955823293173 817771 6.739130434782608
205602 4.73992673992674 592496 6.7407407407407405
754833 4.740088105726873 592496 6.7407407407407405
939755 4.741463414634146 701227 6.7534246575342465
470451 4.742857142857143 701227 6.7534246575342465
633792 4.743083003952569 701227 6.7534246575342465
313306 4.7434554973821985 701227 6.7534246575342465
919849 4.743589743589744 701227 6.7534246575342465
178843 4.745874587458746 701227 6.7534246575342465
674587 4.746031746031746 701227 6.7534246575342465
457171 4.746913580246914 701227 6.7534246575342465
436879 4.747311827956989 701227 6.7534246575342465
609188 4.747440273037543 701227 6.7534246575342465
356958 4.748633879781421 701227 6.7534246575342465
427024 4.75 701227 6.7534246575342465
480143 4.751269035532995 701227 6.7534246575342465
786883 4.753846153846154 673825 6.758490566037736
704431 4.755434782608695 673825 6.758490566037736
949691 4.756218905472637 673825 6.758490566037736
443025 4.757009345794392 673825 6.758490566037736
858004 4.758893280632411 310085 6.766990291262136
240603 4.7594936708860756 310085 6.766990291262136
279483 4.7595818815331015 310085 6.766990291262136
134216 4.759825327510917 310085 6.766990291262136
373643 4.760504201680672 310085 6.766990291262136
144392 4.76171875 310085 6.766990291262136
654751 4.762886597938144 310085 6.766990291262136
270719 4.76425855513308 310085 6.766990291262136
643783 4.764444444444444 310085 6.766990291262136
921307 4.765625 310085 6.766990291262136
707316 4.768211920529802 700757 6.771428571428571
124998 4.768421052631579 700757 6.771428571428571
480403 4.768844221105527 700757 6.771428571428571
325976 4.769230769230769 700757 6.771428571428571
262769 4.77292576419214 314100 6.775665399239544
674366 4.774436090225564 314100 6.775665399239544
639784 4.775 314100 6.775665399239544
336923 4.775147928994083 314100 6.775665399239544
654727 4.775510204081633 314100 6.775665399239544
584249 4.775862068965517 738106 6.777777777777778
704299 4.776536312849162 738106 6.777777777777778
786264 4.778625954198473 712114 6.779342723004695
837143 4.779487179487179 265251 6.791044776119403
180537 4.780612244897959 265251 6.791044776119403
737356 4.78125 265251 6.791044776119403
219962 4.782152230971128 265251 6.791044776119403
298339 4.782287822878229 265251 6.791044776119403
605484 4.782608695652174 265251 6.791044776119403
387022 4.785714285714286 265251 6.791044776119403
894513 4.787037037037037 265251 6.791044776119403
467378 4.7875 265251 6.791044776119403
626370 4.788546255506608 265251 6.791044776119403
179948 4.788888888888889 265251 6.791044776119403
404621 4.790697674418604 265251 6.791044776119403
364064 4.791666666666667 220414 6.798076923076923
237390 4.792 220414 6.798076923076923
762996 4.792 220414 6.798076923076923
763664 4.792156862745098 220414 6.798076923076923
315812 4.7923497267759565 220414 6.798076923076923
534754 4.793103448275862 220414 6.798076923076923
730362 4.793103448275862 220414 6.798076923076923
460983 4.793296089385475 220414 6.798076923076923
466452 4.793939393939394 220414 6.798076923076923
279526 4.795302013422819 220414 6.798076923076923
795835 4.796019900497512 220414 6.798076923076923
200728 4.796610169491525 220414 6.798076923076923
664622 4.797029702970297 220414 6.798076923076923
849538 4.7976190476190474 220414 6.798076923076923
764237 4.797709923664122 220414 6.798076923076923
405967 4.797979797979798 220414 6.798076923076923
940863 4.798165137614679 395316 6.800675675675675
125475 4.8 395316 6.800675675675675
920458 4.8 395316 6.800675675675675
501895 4.800813008130081 651071 6.805555555555555
402993 4.8011695906432745 651071 6.805555555555555
140347 4.80188679245283 651071 6.805555555555555
901180 4.803108808290156 651071 6.805555555555555
857663 4.803846153846154 651071 6.805555555555555
265270 4.805128205128205 651071 6.805555555555555
771287 4.805327868852459 651071 6.805555555555555
439826 4.805714285714286 627208 6.8164556962025316
98281 4.806779661016949 627208 6.8164556962025316
45405 4.8068669527897 627208 6.8164556962025316
395696 4.807142857142857 627208 6.8164556962025316
653005 4.807228915662651 627208 6.8164556962025316
724476 4.808139534883721 627208 6.8164556962025316
652554 4.809782608695652 627208 6.8164556962025316
431804 4.810526315789474 627208 6.8164556962025316
610087 4.811059907834101 627208 6.8164556962025316
731147 4.811224489795919 627208 6.8164556962025316
110323 4.812274368231047 627208 6.8164556962025316
126806 4.814285714285714 627208 6.8164556962025316
467252 4.814814814814815 627208 6.8164556962025316
405198 4.814935064935065 627208 6.8164556962025316
316193 4.815573770491803 627208 6.8164556962025316
863688 4.816326530612245 627208 6.8164556962025316
222042 4.817204301075269 277081 6.817365269461078
179487 4.8172757475083055 277081 6.817365269461078
125915 4.817543859649123 699321 6.82051282051282
491483 4.818652849740933 699321 6.82051282051282
377529 4.819444444444445 699321 6.82051282051282
162111 4.820058997050148 699321 6.82051282051282
864635 4.821100917431193 543301 6.828877005347594
449242 4.822660098522167 543301 6.828877005347594
178970 4.822784810126582 543301 6.828877005347594
268840 4.822878228782288 543301 6.828877005347594
222103 4.822942643391521 543301 6.828877005347594
628013 4.823008849557522 543301 6.828877005347594
421117 4.824267782426778 543301 6.828877005347594
304797 4.824468085106383 543301 6.828877005347594
247262 4.826241134751773 543301 6.828877005347594
342941 4.826271186440678 543301 6.828877005347594
179361 4.826366559485531 543301 6.828877005347594
198815 4.827004219409282 543301 6.828877005347594
935138 4.827027027027027 543301 6.828877005347594
438098 4.828 543301 6.828877005347594
654684 4.828125 543301 6.828877005347594
725574 4.830882352941177 442657 6.838709677419355
862949 4.83453237410072 442657 6.838709677419355
791815 4.834782608695652 442657 6.838709677419355
831352 4.835051546391752 442657 6.838709677419355
380623 4.835616438356165 442657 6.838709677419355
376480 4.835680751173709 442657 6.838709677419355
293783 4.835734870317003 442657 6.838709677419355
706338 4.835978835978836 442657 6.838709677419355
240533 4.836134453781512 442657 6.838709677419355
134823 4.836283185840708 442657 6.838709677419355
618541 4.836601307189542 442657 6.838709677419355
439266 4.836633663366337 442657 6.838709677419355
151256 4.837278106508876 442657 6.838709677419355
946049 4.838509316770186 442657 6.838709677419355
460033 4.838862559241706 949542 6.849765258215962
704166 4.838888888888889 949542 6.849765258215962
562533 4.8389261744966445 949542 6.849765258215962
198481 4.839357429718875 949542 6.849765258215962
755365 4.839506172839506 949542 6.849765258215962
151719 4.841791044776119 949542 6.849765258215962
224076 4.842105263157895 949542 6.849765258215962
235888 4.842323651452282 949542 6.849765258215962
427029 4.842741935483871 949542 6.849765258215962
936638 4.8428571428571425 949542 6.849765258215962
644577 4.842931937172775 949542 6.849765258215962
885946 4.8431372549019605 949542 6.849765258215962
334689 4.844444444444444 949542 6.849765258215962
358279 4.845070422535211 949542 6.849765258215962
123023 4.8478260869565215 949542 6.849765258215962
268686 4.8487084870848705 949542 6.849765258215962
736948 4.849056603773585 949542 6.849765258215962
674530 4.8494208494208495 949542 6.849765258215962
236166 4.850467289719626 811342 6.857142857142857
132137 4.850746268656716 811342 6.857142857142857
178236 4.854304635761589 811342 6.857142857142857
105576 4.854700854700854 811342 6.857142857142857
482055 4.855153203342619 811342 6.857142857142857
641050 4.855371900826446 811342 6.857142857142857
937996 4.855421686746988 811342 6.857142857142857
542473 4.856353591160221 811342 6.857142857142857
364764 4.8577981651376145 126387 6.86411149825784
131658 4.859848484848484 126387 6.86411149825784
515161 4.86 126387 6.86411149825784
899717 4.860103626943006 126387 6.86411149825784
177968 4.862745098039215 126387 6.86411149825784
222108 4.863157894736842 126387 6.86411149825784
699067 4.863874345549738 126387 6.86411149825784
674388 4.864864864864865 478473 6.8657407407407405
888919 4.865853658536586 953979 6.866141732283465
848084 4.866666666666666 438086 6.87037037037037
151404 4.867647058823529 438086 6.87037037037037
440400 4.868020304568528 438086 6.87037037037037
175368 4.868794326241135 438086 6.87037037037037
276288 4.869109947643979 438086 6.87037037037037
511471 4.869402985074627 438086 6.87037037037037
134575 4.869565217391305 438086 6.87037037037037
334077 4.869767441860465 438086 6.87037037037037
338492 4.871244635193133 622688 6.872093023255814
279320 4.8730650154798765 699355 6.873469387755102
364032 4.873239436619718 699355 6.873469387755102
374931 4.876847290640394 803496 6.883408071748879
711293 4.877551020408164 803496 6.883408071748879
251341 4.878787878787879 803496 6.883408071748879
886044 4.8789808917197455 803496 6.883408071748879
737868 4.879746835443038 803496 6.883408071748879
109925 4.88 803496 6.883408071748879
208668 4.880434782608695 803496 6.883408071748879
742787 4.8817733990147785 803496 6.883408071748879
525632 4.881987577639752 803496 6.883408071748879
101349 4.882352941176471 803496 6.883408071748879
584654 4.883116883116883 803496 6.883408071748879
301009 4.883408071748879 803496 6.883408071748879
260595 4.885593220338983 336789 6.8936170212765955
764416 4.887596899224806 336789 6.8936170212765955
938090 4.888059701492537 336789 6.8936170212765955
268382 4.890510948905109 336789 6.8936170212765955
222087 4.891534391534392 336789 6.8936170212765955
486193 4.892655367231638 336789 6.8936170212765955
637096 4.8927038626609445 336789 6.8936170212765955
517861 4.893048128342246 336789 6.8936170212765955
752498 4.893203883495145 336789 6.8936170212765955
908261 4.89375 920633 6.895522388059701
235801 4.894736842105263 920633 6.895522388059701
935912 4.894736842105263 920633 6.895522388059701
849639 4.895061728395062 920633 6.895522388059701
301609 4.895734597156398 857732 6.9
527458 4.895833333333333 857732 6.9
304113 4.896321070234114 857732 6.9
364727 4.896713615023474 857732 6.9
480161 4.897435897435898 857732 6.9
671178 4.897435897435898 857732 6.9
575510 4.898477157360406 857732 6.9
476839 4.89908256880734 857732 6.9
312714 4.899521531100478 857732 6.9
110349 4.900383141762452 584342 6.9298245614035086
296902 4.9010989010989015 584342 6.9298245614035086
219861 4.902439024390244 584342 6.9298245614035086
466196 4.903614457831325 584342 6.9298245614035086
810352 4.904 584342 6.9298245614035086
192392 4.905454545454545 584342 6.9298245614035086
378950 4.9058295964125564 584342 6.9298245614035086
437448 4.907630522088353 584342 6.9298245614035086
140303 4.908653846153846 584342 6.9298245614035086
335290 4.908695652173913 584342 6.9298245614035086
577256 4.909677419354839 584342 6.9298245614035086
413242 4.910780669144981 584342 6.9298245614035086
295709 4.910798122065728 584342 6.9298245614035086
787483 4.912408759124087 584342 6.9298245614035086
832692 4.912820512820513 584342 6.9298245614035086
433236 4.913043478260869 584342 6.9298245614035086
249315 4.91358024691358 584342 6.9298245614035086
292026 4.913669064748201 584342 6.9298245614035086
802067 4.916666666666667 584342 6.9298245614035086
940680 4.918552036199095 584342 6.9298245614035086
811597 4.91869918699187 584342 6.9298245614035086
674190 4.9192307692307695 584342 6.9298245614035086
699659 4.919642857142857 584342 6.9298245614035086
467228 4.9209039548022595 584342 6.9298245614035086
235992 4.921259842519685 584342 6.9298245614035086
823779 4.922580645161291 584342 6.9298245614035086
300876 4.92274678111588 584342 6.9298245614035086
292806 4.924242424242424 584342 6.9298245614035086
700272 4.924657534246576 584342 6.9298245614035086
465679 4.925 584342 6.9298245614035086
265993 4.925581395348837 584342 6.9298245614035086
817548 4.925925925925926 584342 6.9298245614035086
251997 4.926406926406926 584342 6.9298245614035086
363896 4.926605504587156 584342 6.9298245614035086
281906 4.926724137931035 584342 6.9298245614035086
179762 4.927272727272728 584342 6.9298245614035086
724078 4.928571428571429 584342 6.9298245614035086
742036 4.928571428571429 584342 6.9298245614035086
78306 4.928571428571429 584342 6.9298245614035086
745351 4.929292929292929 584342 6.9298245614035086
285638 4.929411764705883 584342 6.9298245614035086
108571 4.930313588850174 830508 6.9480519480519485
175599 4.930656934306569 830508 6.9480519480519485
174358 4.931407942238267 830508 6.9480519480519485
782598 4.932330827067669 830508 6.9480519480519485
300474 4.9326923076923075 830508 6.9480519480519485
680956 4.932885906040268 830508 6.9480519480519485
953473 4.934782608695652 830508 6.9480519480519485
204706 4.935018050541516 830508 6.9480519480519485
609610 4.936305732484076 830508 6.9480519480519485
768136 4.936440677966102 830508 6.9480519480519485
459843 4.938325991189427 830508 6.9480519480519485
659527 4.938775510204081 830508 6.9480519480519485
911809 4.938967136150235 830508 6.9480519480519485
939625 4.939698492462312 830508 6.9480519480519485
238260 4.9397993311036785 830508 6.9480519480519485
179280 4.941558441558442 830508 6.9480519480519485
474641 4.941860465116279 830508 6.9480519480519485
477307 4.943502824858757 830508 6.9480519480519485
574695 4.944723618090452 830508 6.9480519480519485
667541 4.9447852760736195 830508 6.9480519480519485
235517 4.946058091286307 830508 6.9480519480519485
506071 4.947712418300654 830508 6.9480519480519485
380735 4.947826086956522 830508 6.9480519480519485
475900 4.9480519480519485 830508 6.9480519480519485
231149 4.948339483394834 616854 6.954285714285715
615080 4.948717948717949 616854 6.954285714285715
178972 4.949206349206349 616854 6.954285714285715
126630 4.949820788530466 616854 6.954285714285715
235945 4.951219512195122 616854 6.954285714285715
315991 4.951612903225806 616854 6.954285714285715
895721 4.951612903225806 616854 6.954285714285715
198173 4.9523809523809526 616854 6.954285714285715
466857 4.954285714285715 616854 6.954285714285715
899789 4.954545454545454 235731 6.954918032786885
344184 4.9547169811320755 235731 6.954918032786885
583116 4.95625 269040 6.956896551724138
108492 4.957746478873239 324586 6.973180076628353
134687 4.959090909090909 324586 6.973180076628353
612319 4.959090909090909 324586 6.973180076628353
500976 4.959302325581396 324586 6.973180076628353
390197 4.96039603960396 324586 6.973180076628353
177364 4.9625 324586 6.973180076628353
111726 4.966346153846154 324586 6.973180076628353
955876 4.966981132075472 324586 6.973180076628353
825562 4.968 324586 6.973180076628353
277700 4.968036529680365 324586 6.973180076628353
539665 4.968586387434555 324586 6.973180076628353
253352 4.972 324586 6.973180076628353
369341 4.972111553784861 324586 6.973180076628353
673300 4.973584905660378 590742 6.978378378378379
388976 4.973958333333333 590742 6.978378378378379
380038 4.974747474747475 590742 6.978378378378379
199296 4.975 590742 6.978378378378379
215127 4.975 590742 6.978378378378379
671277 4.975 590742 6.978378378378379
302450 4.9754901960784315 590742 6.978378378378379
108188 4.975609756097561 590742 6.978378378378379
364554 4.975845410628019 590742 6.978378378378379
466922 4.976190476190476 590742 6.978378378378379
461693 4.976331360946745 590742 6.978378378378379
955769 4.976415094339623 590742 6.978378378378379
199030 4.976430976430977 590742 6.978378378378379
346876 4.977099236641221 590742 6.978378378378379
133694 4.9771689497716896 590742 6.978378378378379
943984 4.97972972972973 914806 6.994152046783626
644561 4.981981981981982 914806 6.994152046783626
549393 4.982658959537572 914806 6.994152046783626
699618 4.9837837837837835 914806 6.994152046783626
237302 4.984126984126984 914806 6.994152046783626
939459 4.985436893203883 914806 6.994152046783626
467194 4.987179487179487 914806 6.994152046783626
143476 4.988372093023256 914806 6.994152046783626
764591 4.988372093023256 914806 6.994152046783626
430480 4.988571428571428 914806 6.994152046783626
673039 4.988721804511278 914806 6.994152046783626
683217 4.990049751243781 914806 6.994152046783626
732724 4.990243902439024 914806 6.994152046783626
922481 4.991071428571429 914806 6.994152046783626
515079 4.991666666666666 914806 6.994152046783626
677973 4.993150684931507 914806 6.994152046783626
400916 4.994011976047904 914806 6.994152046783626
305412 4.995305164319249 199291 7.008064516129032
674311 4.996078431372549 199291 7.008064516129032
150241 4.997041420118343 199291 7.008064516129032
177645 5.0 199291 7.008064516129032
237331 5.0 199291 7.008064516129032
383344 5.0 199291 7.008064516129032
531514 5.0 199291 7.008064516129032
749113 5.0 199291 7.008064516129032
764236 5.0 199291 7.008064516129032
801374 5.0 199291 7.008064516129032
893642 5.0 199291 7.008064516129032
940513 5.0 199291 7.008064516129032
276301 5.003508771929824 199291 7.008064516129032
480480 5.003937007874016 199291 7.008064516129032
118895 5.0049751243781095 199291 7.008064516129032
584387 5.0062111801242235 199291 7.008064516129032
671857 5.006451612903226 199291 7.008064516129032
669340 5.006711409395973 199291 7.008064516129032
646474 5.0085470085470085 569873 7.013392857142857
841734 5.01067615658363 569873 7.013392857142857
632280 5.011583011583012 569873 7.013392857142857
237079 5.012244897959183 569873 7.013392857142857
240363 5.012738853503185 569873 7.013392857142857
395116 5.013888888888889 746013 7.014925373134329
343935 5.014925373134329 746013 7.014925373134329
254903 5.0150943396226415 572979 7.017094017094017
378175 5.017167381974249 251597 7.026431718061674
410770 5.017241379310345 251597 7.026431718061674
344238 5.018315018315018 251597 7.026431718061674
115380 5.019543973941368 251597 7.026431718061674
742745 5.01980198019802 251597 7.026431718061674
696131 5.020689655172414 251597 7.026431718061674
701295 5.020833333333333 251597 7.026431718061674
763314 5.021897810218978 251597 7.026431718061674
177386 5.021943573667712 251597 7.026431718061674
271029 5.0227272727272725 251597 7.026431718061674
369731 5.0234375 251597 7.026431718061674
458653 5.023809523809524 251597 7.026431718061674
849008 5.023952095808383 251597 7.026431718061674
939765 5.024752475247524 251597 7.026431718061674
449146 5.025 251597 7.026431718061674
150335 5.026239067055394 251597 7.026431718061674
649572 5.0285714285714285 940811 7.030701754385965
838363 5.029556650246305 940811 7.030701754385965
350614 5.0299625468164795 940811 7.030701754385965
674173 5.03030303030303 940811 7.030701754385965
386402 5.032051282051282 466384 7.051063829787234
485909 5.032085561497326 466384 7.051063829787234
818691 5.032432432432432 466384 7.051063829787234
178632 5.032786885245901 466384 7.051063829787234
952859 5.033333333333333 466384 7.051063829787234
362697 5.034146341463415 466384 7.051063829787234
238446 5.035256410256411 466384 7.051063829787234
939583 5.0353535353535355 466384 7.051063829787234
235855 5.036 466384 7.051063829787234
609895 5.036303630363037 466384 7.051063829787234
380096 5.036363636363636 466384 7.051063829787234
157723 5.036529680365297 466384 7.051063829787234
412803 5.0366300366300365 466384 7.051063829787234
636196 5.037037037037037 466384 7.051063829787234
645467 5.0375 466384 7.051063829787234
424484 5.038759689922481 466384 7.051063829787234
316814 5.039840637450199 466384 7.051063829787234
240375 5.040178571428571 466384 7.051063829787234
179387 5.040498442367602 466384 7.051063829787234
851768 5.041666666666667 466384 7.051063829787234
221918 5.042145593869732 466384 7.051063829787234
236993 5.042194092827004 466384 7.051063829787234
371479 5.043290043290043 466384 7.051063829787234
209340 5.044280442804428 466384 7.051063829787234
938258 5.044776119402985 466384 7.051063829787234
181178 5.044982698961937 466384 7.051063829787234
846740 5.0462633451957295 466384 7.051063829787234
864178 5.046979865771812 466384 7.051063829787234
300517 5.048076923076923 466384 7.051063829787234
273145 5.049180327868853 466384 7.051063829787234
863029 5.049295774647887 466384 7.051063829787234
953177 5.049586776859504 466384 7.051063829787234
849638 5.049689440993789 466384 7.051063829787234
501187 5.05 466384 7.051063829787234
579056 5.05 466384 7.051063829787234
905117 5.050314465408805 466384 7.051063829787234
902722 5.0508474576271185 466384 7.051063829787234
527620 5.051851851851852 585409 7.052132701421801
938215 5.051851851851852 585409 7.052132701421801
288670 5.0523255813953485 830209 7.057324840764331
106954 5.052631578947368 830209 7.057324840764331
273222 5.052631578947368 830209 7.057324840764331
851563 5.0534351145038165 830209 7.057324840764331
739791 5.053571428571429 830209 7.057324840764331
527006 5.054545454545455 830209 7.057324840764331
570357 5.054545454545455 830209 7.057324840764331
763464 5.055335968379446 830209 7.057324840764331
430005 5.055555555555555 830209 7.057324840764331
260129 5.056768558951965 830209 7.057324840764331
479905 5.057034220532319 830209 7.057324840764331
787880 5.057971014492754 42462 7.064102564102564
692687 5.058441558441558 42462 7.064102564102564
442999 5.060185185185185 42462 7.064102564102564
249046 5.060931899641577 42462 7.064102564102564
467409 5.061349693251533 42462 7.064102564102564
390552 5.061904761904762 42462 7.064102564102564
208594 5.062146892655368 42462 7.064102564102564
699596 5.0625 42462 7.064102564102564
520468 5.06282722513089 42462 7.064102564102564
863660 5.062937062937063 42462 7.064102564102564
953009 5.063025210084033 42462 7.064102564102564
215590 5.0633333333333335 42462 7.064102564102564
351666 5.0638297872340425 42462 7.064102564102564
861401 5.0638297872340425 42462 7.064102564102564
126805 5.064285714285714 569868 7.078260869565217
174829 5.064356435643564 569868 7.078260869565217
287966 5.064516129032258 569868 7.078260869565217
279459 5.065015479876161 569868 7.078260869565217
862037 5.065693430656935 569868 7.078260869565217
705348 5.065868263473054 569868 7.078260869565217
340071 5.065891472868217 569868 7.078260869565217
181625 5.065934065934066 569868 7.078260869565217
793359 5.069148936170213 569868 7.078260869565217
551363 5.069565217391304 569868 7.078260869565217
360894 5.070588235294117 569868 7.078260869565217
172406 5.070621468926554 569868 7.078260869565217
534496 5.070921985815603 569868 7.078260869565217
744839 5.0710382513661205 569868 7.078260869565217
237318 5.0717131474103585 569868 7.078260869565217
712095 5.072164948453608 569868 7.078260869565217
401001 5.072368421052632 569868 7.078260869565217
661526 5.0732984293193715 569868 7.078260869565217
490308 5.073333333333333 569868 7.078260869565217
762508 5.073684210526316 569868 7.078260869565217
301656 5.074418604651163 569868 7.078260869565217
776670 5.075342465753424 569868 7.078260869565217
636004 5.075675675675676 569868 7.078260869565217
350021 5.075757575757576 569868 7.078260869565217
459908 5.076923076923077 569868 7.078260869565217
605266 5.078125 569868 7.078260869565217
501445 5.0790960451977405 178131 7.10377358490566
466577 5.079268292682927 178131 7.10377358490566
379903 5.08 178131 7.10377358490566
817644 5.081632653061225 178131 7.10377358490566
895840 5.081967213114754 178131 7.10377358490566
835626 5.082191780821918 178131 7.10377358490566
208379 5.084558823529412 178131 7.10377358490566
220875 5.086075949367088 178131 7.10377358490566
489555 5.0875 178131 7.10377358490566
265068 5.087628865979381 178131 7.10377358490566
715413 5.088 178131 7.10377358490566
719588 5.088709677419355 178131 7.10377358490566
533130 5.089655172413793 178131 7.10377358490566
651960 5.09 178131 7.10377358490566
750777 5.090361445783133 178131 7.10377358490566
310400 5.090425531914893 178131 7.10377358490566
476755 5.091397849462366 178131 7.10377358490566
395313 5.092465753424658 178131 7.10377358490566
643292 5.092485549132948 178131 7.10377358490566
903099 5.092485549132948 178131 7.10377358490566
300877 5.093457943925234 178131 7.10377358490566
603923 5.09375 178131 7.10377358490566
168136 5.094650205761317 178131 7.10377358490566
150876 5.095693779904306 178131 7.10377358490566
154155 5.096045197740113 178131 7.10377358490566
313600 5.096969696969697 178131 7.10377358490566
364070 5.097674418604651 178131 7.10377358490566
393155 5.097701149425287 178131 7.10377358490566
439630 5.097701149425287 178131 7.10377358490566
584394 5.10062893081761 178131 7.10377358490566
701630 5.101604278074866 178131 7.10377358490566
849147 5.1017964071856285 178131 7.10377358490566
545062 5.102766798418973 178131 7.10377358490566
132234 5.103448275862069 178131 7.10377358490566
265369 5.103626943005182 178131 7.10377358490566
198620 5.1037344398340245 178131 7.10377358490566
443805 5.10377358490566 178131 7.10377358490566
636743 5.104602510460251 707309 7.119791666666667
527174 5.104895104895105 707309 7.119791666666667
300389 5.105042016806722 707309 7.119791666666667
413322 5.105263157894737 707309 7.119791666666667
435361 5.105263157894737 707309 7.119791666666667
661383 5.105263157894737 707309 7.119791666666667
736276 5.105263157894737 707309 7.119791666666667
308569 5.108374384236453 707309 7.119791666666667
849702 5.108433734939759 707309 7.119791666666667
141857 5.108597285067873 707309 7.119791666666667
524464 5.111111111111111 707309 7.119791666666667
264729 5.111627906976744 707309 7.119791666666667
645376 5.112068965517241 707309 7.119791666666667
301139 5.112676056338028 707309 7.119791666666667
178294 5.113207547169812 707309 7.119791666666667
671403 5.113207547169812 707309 7.119791666666667
255614 5.113725490196078 707309 7.119791666666667
849023 5.114457831325301 707309 7.119791666666667
467408 5.115384615384615 707309 7.119791666666667
488461 5.116022099447513 707309 7.119791666666667
126343 5.116788321167883 707309 7.119791666666667
439820 5.117647058823529 707309 7.119791666666667
323610 5.11787072243346 707309 7.119791666666667
646139 5.1191489361702125 707309 7.119791666666667
276851 5.12012012012012 568889 7.140909090909091
222034 5.121588089330025 568889 7.140909090909091
616824 5.121863799283154 568889 7.140909090909091
242067 5.121951219512195 568889 7.140909090909091
568219 5.122171945701357 568889 7.140909090909091
644127 5.122270742358078 568889 7.140909090909091
742045 5.122580645161291 568889 7.140909090909091
354719 5.123209169054442 568889 7.140909090909091
240464 5.1234567901234565 568889 7.140909090909091
459330 5.125 568889 7.140909090909091
102319 5.125490196078432 568889 7.140909090909091
669567 5.1265822784810124 568889 7.140909090909091
580246 5.127388535031847 568889 7.140909090909091
431918 5.128342245989304 568889 7.140909090909091
107768 5.128571428571429 568889 7.140909090909091
178026 5.129032258064516 568889 7.140909090909091
609794 5.130872483221476 568889 7.140909090909091
734731 5.131868131868132 568889 7.140909090909091
764260 5.132530120481928 568889 7.140909090909091
279410 5.132890365448505 568889 7.140909090909091
703131 5.133333333333334 568889 7.140909090909091
699700 5.135245901639344 568889 7.140909090909091
763787 5.136186770428016 568889 7.140909090909091
144383 5.13671875 568889 7.140909090909091
938637 5.137614678899083 568889 7.140909090909091
466975 5.137724550898204 568889 7.140909090909091
942943 5.137931034482759 568889 7.140909090909091
575509 5.1380952380952385 568889 7.140909090909091
764402 5.138996138996139 568889 7.140909090909091
288101 5.139130434782609 568889 7.140909090909091
133997 5.13939393939394 568889 7.140909090909091
619444 5.139664804469274 568889 7.140909090909091
236026 5.139917695473251 568889 7.140909090909091
721630 5.140625 568889 7.140909090909091
440401 5.14070351758794 568889 7.140909090909091
289106 5.140762463343108 568889 7.140909090909091
884636 5.141935483870967 347486 7.175226586102719
440646 5.1421319796954315 347486 7.175226586102719
898434 5.142259414225942 347486 7.175226586102719
103904 5.142322097378277 347486 7.175226586102719
298253 5.144329896907217 347486 7.175226586102719
699678 5.144444444444445 347486 7.175226586102719
239149 5.144694533762058 347486 7.175226586102719
458101 5.144736842105263 347486 7.175226586102719
742829 5.145631067961165 347486 7.175226586102719
437815 5.147859922178989 347486 7.175226586102719
704410 5.148351648351649 347486 7.175226586102719
662549 5.15 347486 7.175226586102719
751616 5.150943396226415 347486 7.175226586102719
406001 5.15112540192926 347486 7.175226586102719
674460 5.151162790697675 347486 7.175226586102719
368709 5.152631578947369 347486 7.175226586102719
937922 5.154205607476635 347486 7.175226586102719
817867 5.154411764705882 347486 7.175226586102719
115061 5.155 347486 7.175226586102719
334091 5.155487804878049 347486 7.175226586102719
550749 5.156521739130435 347486 7.175226586102719
897238 5.1568627450980395 347486 7.175226586102719
405096 5.158783783783784 347486 7.175226586102719
380136 5.15929203539823 347486 7.175226586102719
206533 5.160714285714286 347486 7.175226586102719
594088 5.162162162162162 347486 7.175226586102719
179367 5.1625 347486 7.175226586102719
221991 5.1625 347486 7.175226586102719
466855 5.16374269005848 347486 7.175226586102719
755393 5.164444444444444 347486 7.175226586102719
475367 5.1645569620253164 347486 7.175226586102719
260991 5.165048543689321 347486 7.175226586102719
335521 5.165137614678899 347486 7.175226586102719
326235 5.165413533834586 347486 7.175226586102719
358613 5.166666666666667 347486 7.175226586102719
363772 5.166666666666667 347486 7.175226586102719
802632 5.166666666666667 347486 7.175226586102719
118032 5.167539267015707 347486 7.175226586102719
699313 5.167567567567567 347486 7.175226586102719
701216 5.169014084507042 347486 7.175226586102719
362594 5.170616113744076 347486 7.175226586102719
257985 5.171232876712328 347486 7.175226586102719
204980 5.171428571428572 347486 7.175226586102719
288697 5.172413793103448 347486 7.175226586102719
239606 5.173387096774194 347486 7.175226586102719
439634 5.174129353233831 347486 7.175226586102719
697383 5.176795580110498 900623 7.209424083769633
764120 5.176923076923077 900623 7.209424083769633
699388 5.17741935483871 900623 7.209424083769633
769970 5.177777777777778 900623 7.209424083769633
419792 5.1798941798941796 900623 7.209424083769633
900090 5.180412371134021 900623 7.209424083769633
950810 5.180904522613066 900623 7.209424083769633
124281 5.181494661921708 900623 7.209424083769633
222167 5.182044887780549 900623 7.209424083769633
353207 5.182142857142857 900623 7.209424083769633
627036 5.182608695652174 900623 7.209424083769633
316878 5.1826923076923075 900623 7.209424083769633
742620 5.1826923076923075 900623 7.209424083769633
646454 5.183035714285714 900623 7.209424083769633
482842 5.185714285714286 900623 7.209424083769633
178550 5.186544342507645 900623 7.209424083769633
476556 5.1875 900623 7.209424083769633
380137 5.187772925764192 900623 7.209424083769633
722079 5.188571428571429 900623 7.209424083769633
903309 5.190082644628099 900623 7.209424083769633
458681 5.190476190476191 900623 7.209424083769633
885623 5.190476190476191 900623 7.209424083769633
279201 5.190635451505017 900623 7.209424083769633
518846 5.1913875598086126 900623 7.209424083769633
646011 5.192468619246862 900623 7.209424083769633
291599 5.192771084337349 900623 7.209424083769633
131730 5.193069306930693 900623 7.209424083769633
124894 5.193548387096774 900623 7.209424083769633
764129 5.1937984496124034 900623 7.209424083769633
939707 5.195 900623 7.209424083769633
315752 5.195266272189349 900623 7.209424083769633
645494 5.195767195767195 900623 7.209424083769633
515366 5.196891191709844 900623 7.209424083769633
424086 5.2 900623 7.209424083769633
430145 5.2 900623 7.209424083769633
719507 5.201086956521739 900623 7.209424083769633
912492 5.201680672268908 900623 7.209424083769633
768715 5.2018779342723 900623 7.209424083769633
467425 5.203389830508475 900623 7.209424083769633
278678 5.204968944099379 900623 7.209424083769633
863504 5.205673758865248 900623 7.209424083769633
439479 5.205741626794258 900623 7.209424083769633
108179 5.2064056939501775 900623 7.209424083769633
274131 5.206642066420664 900623 7.209424083769633
309919 5.208333333333333 900623 7.209424083769633
776346 5.209424083769633 900623 7.209424083769633
404693 5.211764705882353 568519 7.243243243243243
400349 5.212 568519 7.243243243243243
582291 5.213197969543147 568519 7.243243243243243
124936 5.215017064846417 568519 7.243243243243243
939308 5.217171717171717 568519 7.243243243243243
808382 5.217391304347826 568519 7.243243243243243
206268 5.219330855018588 568519 7.243243243243243
713032 5.2215189873417724 568519 7.243243243243243
144454 5.221774193548387 568519 7.243243243243243
354331 5.221830985915493 568519 7.243243243243243
467149 5.224242424242425 568519 7.243243243243243
674300 5.224334600760456 568519 7.243243243243243
754474 5.224669603524229 568519 7.243243243243243
745983 5.225130890052356 568519 7.243243243243243
432426 5.226415094339623 568519 7.243243243243243
240356 5.226495726495727 568519 7.243243243243243
627888 5.22707423580786 568519 7.243243243243243
275261 5.228650137741047 568519 7.243243243243243
234357 5.228758169934641 568519 7.243243243243243
609798 5.229665071770335 568519 7.243243243243243
184178 5.232198142414861 568519 7.243243243243243
102795 5.232283464566929 568519 7.243243243243243
856966 5.232824427480916 568519 7.243243243243243
438021 5.233201581027668 568519 7.243243243243243
279398 5.233846153846154 568519 7.243243243243243
600113 5.234875444839858 568519 7.243243243243243
763879 5.235294117647059 568519 7.243243243243243
209310 5.2355072463768115 568519 7.243243243243243
344024 5.235521235521236 568519 7.243243243243243
405628 5.236486486486487 568519 7.243243243243243
747389 5.236714975845411 568519 7.243243243243243
440671 5.237623762376238 568519 7.243243243243243
235287 5.237704918032787 568519 7.243243243243243
268062 5.237918215613383 568519 7.243243243243243
671005 5.240259740259741 568519 7.243243243243243
364749 5.241545893719807 568519 7.243243243243243
755296 5.24223602484472 568519 7.243243243243243
240502 5.243670886075949 608570 7.24923076923077
238971 5.244725738396625 608570 7.24923076923077
227549 5.244897959183674 608570 7.24923076923077
949717 5.247572815533981 608570 7.24923076923077
388178 5.247967479674797 608570 7.24923076923077
179024 5.249190938511327 608570 7.24923076923077
178981 5.2492012779552715 608570 7.24923076923077
179036 5.25 673756 7.278985507246377
237276 5.25 673756 7.278985507246377
344362 5.25 673756 7.278985507246377
745357 5.251366120218579 673756 7.278985507246377
761563 5.251572327044025 673756 7.278985507246377
364730 5.253521126760563 673756 7.278985507246377
732285 5.253658536585366 673756 7.278985507246377
340022 5.254826254826255 673756 7.278985507246377
793326 5.255681818181818 673756 7.278985507246377
466021 5.255952380952381 673756 7.278985507246377
821351 5.2565445026178015 673756 7.278985507246377
899570 5.257575757575758 673756 7.278985507246377
432762 5.257731958762887 673756 7.278985507246377
380683 5.257777777777778 673756 7.278985507246377
315572 5.257894736842105 673756 7.278985507246377
953034 5.258474576271187 673756 7.278985507246377
424175 5.258536585365854 673756 7.278985507246377
557587 5.258823529411765 673756 7.278985507246377
699394 5.2592592592592595 673756 7.278985507246377
409899 5.259740259740259 673756 7.278985507246377
623107 5.260606060606061 673756 7.278985507246377
286273 5.260869565217392 673756 7.278985507246377
488408 5.261111111111111 673756 7.278985507246377
931424 5.261363636363637 673756 7.278985507246377
271091 5.2615384615384615 673756 7.278985507246377
938191 5.26241134751773 673756 7.278985507246377
625754 5.2631578947368425 673756 7.278985507246377
205170 5.263940520446097 673756 7.278985507246377
693280 5.264285714285714 673756 7.278985507246377
220706 5.2643391521197005 673756 7.278985507246377
439703 5.264367816091954 673756 7.278985507246377
379740 5.26457399103139 673756 7.278985507246377
829441 5.264840182648402 673756 7.278985507246377
108127 5.265232974910394 673756 7.278985507246377
742676 5.265700483091788 673756 7.278985507246377
652831 5.26595744680851 673756 7.278985507246377
300181 5.26605504587156 673756 7.278985507246377
278380 5.266094420600858 673756 7.278985507246377
220852 5.266490765171504 673756 7.278985507246377
608656 5.267326732673268 673756 7.278985507246377
922452 5.267857142857143 673756 7.278985507246377
125358 5.268115942028985 673756 7.278985507246377
827290 5.2682926829268295 673756 7.278985507246377
866844 5.268656716417911 673756 7.278985507246377
335495 5.2690582959641254 673756 7.278985507246377
181205 5.26962457337884 673756 7.278985507246377
583924 5.270440251572327 673756 7.278985507246377
937833 5.271428571428571 673756 7.278985507246377
206531 5.272401433691757 673756 7.278985507246377
885777 5.2727272727272725 673756 7.278985507246377
613080 5.273255813953488 673756 7.278985507246377
236910 5.273858921161826 673756 7.278985507246377
898097 5.273858921161826 673756 7.278985507246377
755585 5.274336283185841 673756 7.278985507246377
177426 5.274447949526814 673756 7.278985507246377
179287 5.274447949526814 673756 7.278985507246377
240194 5.274760383386582 673756 7.278985507246377
301146 5.275109170305677 673756 7.278985507246377
518429 5.276041666666667 673756 7.278985507246377
667386 5.277777777777778 673756 7.278985507246377
950937 5.277777777777778 673756 7.278985507246377
181476 5.27891156462585 673756 7.278985507246377
560528 5.279761904761905 894361 7.311627906976744
501314 5.28030303030303 894361 7.311627906976744
646476 5.280701754385965 894361 7.311627906976744
204508 5.280769230769231 894361 7.311627906976744
434338 5.280788177339901 894361 7.311627906976744
570126 5.28110599078341 894361 7.311627906976744
262722 5.282051282051282 894361 7.311627906976744
472711 5.283018867924528 894361 7.311627906976744
108040 5.283276450511946 894361 7.311627906976744
458548 5.283950617283951 894361 7.311627906976744
439421 5.284153005464481 894361 7.311627906976744
655312 5.2845188284518825 894361 7.311627906976744
643708 5.285123966942149 894361 7.311627906976744
235814 5.285714285714286 894361 7.311627906976744
288946 5.285714285714286 894361 7.311627906976744
616760 5.286549707602339 894361 7.311627906976744
466510 5.286624203821656 894361 7.311627906976744
763458 5.286852589641434 894361 7.311627906976744
474197 5.287581699346405 894361 7.311627906976744
364718 5.287671232876712 894361 7.311627906976744
469054 5.287804878048781 894361 7.311627906976744
279094 5.287878787878788 894361 7.311627906976744
814878 5.288888888888889 894361 7.311627906976744
596889 5.2898550724637685 894361 7.311627906976744
673369 5.290566037735849 894361 7.311627906976744
120015 5.291139240506329 894361 7.311627906976744
140848 5.291866028708134 894361 7.311627906976744
516736 5.2923728813559325 894361 7.311627906976744
259477 5.2924528301886795 894361 7.311627906976744
270513 5.292576419213974 894361 7.311627906976744
380512 5.293333333333333 894361 7.311627906976744
647451 5.293814432989691 894361 7.311627906976744
701315 5.294964028776978 894361 7.311627906976744
146182 5.295238095238095 894361 7.311627906976744
817633 5.295454545454546 894361 7.311627906976744
602773 5.296875 894361 7.311627906976744
691082 5.2974683544303796 894361 7.311627906976744
312258 5.297872340425532 894361 7.311627906976744
645980 5.298245614035087 894361 7.311627906976744
764509 5.299242424242424 894361 7.311627906976744
700866 5.3 894361 7.311627906976744
849537 5.3 894361 7.311627906976744
636953 5.302127659574468 894361 7.311627906976744
644147 5.302521008403361 894361 7.311627906976744
480456 5.302564102564102 894361 7.311627906976744
364920 5.302752293577981 894361 7.311627906976744
942986 5.303030303030303 894361 7.311627906976744
830959 5.303225806451613 894361 7.311627906976744
499852 5.304093567251462 894361 7.311627906976744
244715 5.304347826086956 894361 7.311627906976744
467383 5.304347826086956 894361 7.311627906976744
466352 5.304878048780488 894361 7.311627906976744
120263 5.305135951661631 894361 7.311627906976744
162020 5.305882352941176 894361 7.311627906976744
729927 5.30635838150289 894361 7.311627906976744
673698 5.306513409961686 894361 7.311627906976744
467327 5.306748466257669 894361 7.311627906976744
556180 5.307017543859649 894361 7.311627906976744
177857 5.307453416149069 894361 7.311627906976744
813370 5.308641975308642 894361 7.311627906976744
458929 5.308755760368664 894361 7.311627906976744
722281 5.3088235294117645 894361 7.311627906976744
467034 5.3090909090909095 894361 7.311627906976744
456919 5.310126582278481 894361 7.311627906976744
139940 5.310344827586207 894361 7.311627906976744
943489 5.311377245508982 894361 7.311627906976744
900772 5.3121693121693125 433685 7.386046511627907
427516 5.31275720164609 433685 7.386046511627907
277507 5.313291139240507 433685 7.386046511627907
365769 5.313513513513514 433685 7.386046511627907
245241 5.314159292035399 433685 7.386046511627907
643019 5.314285714285714 433685 7.386046511627907
482908 5.314363143631437 433685 7.386046511627907
379457 5.314655172413793 433685 7.386046511627907
754321 5.314655172413793 433685 7.386046511627907
509966 5.315602836879433 433685 7.386046511627907
837042 5.315789473684211 433685 7.386046511627907
183651 5.316129032258065 433685 7.386046511627907
189539 5.316326530612245 433685 7.386046511627907
251010 5.316831683168317 433685 7.386046511627907
226817 5.317596566523605 433685 7.386046511627907
654696 5.318407960199005 433685 7.386046511627907
836291 5.319727891156463 433685 7.386046511627907
181213 5.320422535211268 433685 7.386046511627907
140050 5.320574162679426 433685 7.386046511627907
764634 5.320610687022901 433685 7.386046511627907
361342 5.320855614973262 433685 7.386046511627907
952496 5.320987654320987 433685 7.386046511627907
108581 5.322695035460993 433685 7.386046511627907
364924 5.323529411764706 433685 7.386046511627907
378991 5.324561403508772 433685 7.386046511627907
118132 5.324742268041237 433685 7.386046511627907
198332 5.3264462809917354 433685 7.386046511627907
234480 5.326530612244898 433685 7.386046511627907
568571 5.3271889400921655 433685 7.386046511627907
126509 5.327402135231317 433685 7.386046511627907
364708 5.328767123287672 433685 7.386046511627907
236974 5.329317269076305 433685 7.386046511627907
668173 5.329411764705882 433685 7.386046511627907
299993 5.330275229357798 433685 7.386046511627907
544553 5.330645161290323 433685 7.386046511627907
324335 5.333333333333333 433685 7.386046511627907
670005 5.333333333333333 433685 7.386046511627907
177954 5.3343653250774 433685 7.386046511627907
769127 5.334841628959276 433685 7.386046511627907
882049 5.335260115606936 433685 7.386046511627907
653351 5.335365853658536 433685 7.386046511627907
467133 5.3354037267080745 433685 7.386046511627907
927457 5.336206896551724 433685 7.386046511627907
133564 5.336322869955157 433685 7.386046511627907
742805 5.3364928909952605 433685 7.386046511627907
231848 5.337792642140468 433685 7.386046511627907
745824 5.338541666666667 433685 7.386046511627907
422656 5.33955223880597 433685 7.386046511627907
833675 5.340136054421769 433685 7.386046511627907
431980 5.340314136125654 433685 7.386046511627907
617409 5.340425531914893 433685 7.386046511627907
698519 5.3406113537117905 433685 7.386046511627907
193954 5.341549295774648 433685 7.386046511627907
646410 5.341991341991342 433685 7.386046511627907
103153 5.342007434944238 433685 7.386046511627907
275923 5.342007434944238 433685 7.386046511627907
743408 5.342281879194631 433685 7.386046511627907
98116 5.3426573426573425 433685 7.386046511627907
325456 5.342723004694836 433685 7.386046511627907
673752 5.345724907063197 433685 7.386046511627907
938413 5.346666666666667 433685 7.386046511627907
335071 5.347003154574132 433685 7.386046511627907
592736 5.347107438016529 433685 7.386046511627907
405106 5.347266881028939 433685 7.386046511627907
396243 5.347517730496454 433685 7.386046511627907
334712 5.3478260869565215 433685 7.386046511627907
769597 5.348148148148148 433685 7.386046511627907
814757 5.348623853211009 433685 7.386046511627907
221278 5.349875930521092 433685 7.386046511627907
439485 5.35 433685 7.386046511627907
720088 5.35 433685 7.386046511627907
885754 5.35064935064935 433685 7.386046511627907
395888 5.3509933774834435 433685 7.386046511627907
310018 5.352941176470588 433685 7.386046511627907
773994 5.3534883720930235 433685 7.386046511627907
161964 5.353801169590644 433685 7.386046511627907
777812 5.354037267080745 433685 7.386046511627907
626680 5.354285714285714 433685 7.386046511627907
533577 5.3546099290780145 433685 7.386046511627907
927034 5.355670103092783 433685 7.386046511627907
804435 5.35625 433685 7.386046511627907
442343 5.356481481481482 433685 7.386046511627907
292815 5.35693215339233 433685 7.386046511627907
857159 5.3584905660377355 433685 7.386046511627907
466470 5.358823529411764 433685 7.386046511627907
698957 5.359307359307359 433685 7.386046511627907
786495 5.360294117647059 433685 7.386046511627907
390308 5.360576923076923 433685 7.386046511627907
439319 5.361386138613861 433685 7.386046511627907
466867 5.36144578313253 433685 7.386046511627907
608735 5.361486486486487 433685 7.386046511627907
478558 5.36231884057971 433685 7.386046511627907
643772 5.3625 433685 7.386046511627907
742825 5.364077669902913 433685 7.386046511627907
879590 5.364341085271318 433685 7.386046511627907
653885 5.564766839378239 440344 7.662037037037037
723375 5.568 440344 7.662037037037037
181256 5.568421052631579 440344 7.662037037037037
707286 5.569620253164557 440344 7.662037037037037
904769 5.570247933884297 440344 7.662037037037037
743373 5.57037037037037 440344 7.662037037037037
148927 5.571428571428571 440344 7.662037037037037
949742 5.571428571428571 440344 7.662037037037037
263708 5.571955719557195 440344 7.662037037037037
780353 5.572222222222222 440344 7.662037037037037
773296 5.572687224669603 440344 7.662037037037037
699595 5.572916666666667 440344 7.662037037037037
533961 5.574626865671642 440344 7.662037037037037
126651 5.575438596491228 440344 7.662037037037037
487879 5.576923076923077 440344 7.662037037037037
390946 5.577272727272727 440344 7.662037037037037
856348 5.577464788732394 440344 7.662037037037037
237406 5.578313253012048 440344 7.662037037037037
236165 5.578740157480315 440344 7.662037037037037
738348 5.579617834394904 440344 7.662037037037037
945944 5.580882352941177 440344 7.662037037037037
174950 5.582089552238806 440344 7.662037037037037
397219 5.583333333333333 440344 7.662037037037037
237366 5.583673469387755 440344 7.662037037037037
221338 5.584541062801932 440344 7.662037037037037
278330 5.584745762711864 440344 7.662037037037037
221141 5.584856396866841 440344 7.662037037037037
934162 5.585714285714285 440344 7.662037037037037
349763 5.586080586080586 440344 7.662037037037037
311978 5.586734693877551 440344 7.662037037037037
363262 5.586854460093897 440344 7.662037037037037
443809 5.587155963302752 440344 7.662037037037037
818060 5.587628865979381 440344 7.662037037037037
340592 5.588477366255144 440344 7.662037037037037
779683 5.588571428571429 440344 7.662037037037037
707377 5.588888888888889 440344 7.662037037037037
206335 5.589473684210526 440344 7.662037037037037
279357 5.590769230769231 440344 7.662037037037037
237391 5.5910931174089065 440344 7.662037037037037
126381 5.592592592592593 440344 7.662037037037037
505715 5.594117647058823 440344 7.662037037037037
770045 5.595375722543353 440344 7.662037037037037
48307 5.595890410958904 440344 7.662037037037037
701265 5.597222222222222 440344 7.662037037037037
699608 5.597938144329897 440344 7.662037037037037
367628 5.598070739549839 440344 7.662037037037037
379406 5.598253275109171 440344 7.662037037037037
267629 5.6 440344 7.662037037037037
412091 5.6 440344 7.662037037037037
466572 5.6 440344 7.662037037037037
500762 5.601063829787234 440344 7.662037037037037
764159 5.601532567049809 440344 7.662037037037037
178858 5.601941747572815 440344 7.662037037037037
181577 5.602888086642599 440344 7.662037037037037
698407 5.603260869565218 440344 7.662037037037037
391588 5.6048780487804875 440344 7.662037037037037
692971 5.605263157894737 440344 7.662037037037037
819411 5.605405405405405 440344 7.662037037037037
373709 5.606060606060606 440344 7.662037037037037
601227 5.60625 440344 7.662037037037037
781726 5.608695652173913 440344 7.662037037037037
884904 5.608695652173913 440344 7.662037037037037
943471 5.608695652173913 440344 7.662037037037037
528952 5.6104651162790695 440344 7.662037037037037
251780 5.610619469026549 440344 7.662037037037037
482330 5.6106870229007635 440344 7.662037037037037
755989 5.612068965517241 440344 7.662037037037037
557590 5.612121212121212 440344 7.662037037037037
763837 5.614814814814815 440344 7.662037037037037
279531 5.614906832298137 440344 7.662037037037037
326078 5.619230769230769 440344 7.662037037037037
569233 5.620535714285714 440344 7.662037037037037
616544 5.620689655172414 440344 7.662037037037037
699651 5.6208791208791204 440344 7.662037037037037
375710 5.6217616580310885 440344 7.662037037037037
337496 5.622222222222222 440344 7.662037037037037
236740 5.623481781376518 440344 7.662037037037037
364852 5.623809523809523 440344 7.662037037037037
391380 5.625 440344 7.662037037037037
663726 5.625 440344 7.662037037037037
692639 5.625 440344 7.662037037037037
699510 5.625668449197861 440344 7.662037037037037
179865 5.6263345195729535 440344 7.662037037037037
821431 5.626943005181347 440344 7.662037037037037
265409 5.627450980392157 440344 7.662037037037037
268428 5.627737226277373 440344 7.662037037037037
919091 5.627906976744186 440344 7.662037037037037
236961 5.629166666666666 440344 7.662037037037037
236441 5.63035019455253 440344 7.662037037037037
646286 5.63135593220339 440344 7.662037037037037
559177 5.632 440344 7.662037037037037
466701 5.632530120481928 440344 7.662037037037037
940427 5.633187772925764 440344 7.662037037037037
628352 5.633484162895928 440344 7.662037037037037
378691 5.633507853403142 440344 7.662037037037037
731079 5.633663366336633 440344 7.662037037037037
724149 5.634146341463414 440344 7.662037037037037
251964 5.634361233480176 440344 7.662037037037037
179336 5.636085626911315 440344 7.662037037037037
851541 5.636792452830188 440344 7.662037037037037
780289 5.636842105263158 440344 7.662037037037037
324625 5.637037037037037 440344 7.662037037037037
206349 5.637630662020906 440344 7.662037037037037
627243 5.639455782312925 440344 7.662037037037037
776122 5.64 440344 7.662037037037037
865173 5.640522875816994 440344 7.662037037037037
401022 5.641176470588236 440344 7.662037037037037
343395 5.6414342629482075 440344 7.662037037037037
277762 5.6416382252559725 440344 7.662037037037037
126450 5.642066420664206 440344 7.662037037037037
702213 5.642857142857143 440344 7.662037037037037
897723 5.642857142857143 440344 7.662037037037037
741820 5.643312101910828 440344 7.662037037037037
158197 5.6438356164383565 440344 7.662037037037037
671347 5.645962732919255 440344 7.662037037037037
823944 5.646616541353383 440344 7.662037037037037
884036 5.647435897435898 440344 7.662037037037037
340631 5.648351648351649 440344 7.662037037037037
373655 5.651982378854625 440344 7.662037037037037
617204 5.653284671532846 440344 7.662037037037037
750049 5.6535087719298245 440344 7.662037037037037
588452 5.655021834061135 440344 7.662037037037037
802713 5.655172413793103 440344 7.662037037037037
342480 5.65587044534413 440344 7.662037037037037
661194 5.655913978494624 440344 7.662037037037037
364721 5.6571428571428575 440344 7.662037037037037
397092 5.6571428571428575 440344 7.662037037037037
238967 5.6572327044025155 440344 7.662037037037037
768646 5.658008658008658 440344 7.662037037037037
405818 5.659163987138264 440344 7.662037037037037
215203 5.65979381443299 440344 7.662037037037037
346849 5.660130718954249 440344 7.662037037037037
440565 5.660465116279069 440344 7.662037037037037
661485 5.661375661375661 440344 7.662037037037037
704129 5.663043478260869 949475 7.8530805687203795
533914 5.664233576642336 949475 7.8530805687203795
438478 5.664835164835165 949475 7.8530805687203795
570066 5.665116279069768 949475 7.8530805687203795
738692 5.665158371040724 949475 7.8530805687203795
260724 5.665198237885463 949475 7.8530805687203795
235280 5.66530612244898 949475 7.8530805687203795
317750 5.666666666666667 949475 7.8530805687203795
618183 5.666666666666667 949475 7.8530805687203795
400928 5.6679389312977095 949475 7.8530805687203795
476557 5.668049792531121 949475 7.8530805687203795
526663 5.668292682926829 949475 7.8530805687203795
440415 5.668341708542713 949475 7.8530805687203795
817494 5.668421052631579 949475 7.8530805687203795
148734 5.669642857142857 949475 7.8530805687203795
364262 5.671171171171171 949475 7.8530805687203795
457502 5.671171171171171 949475 7.8530805687203795
232599 5.673151750972763 949475 7.8530805687203795
661242 5.673684210526316 949475 7.8530805687203795
237075 5.676229508196721 949475 7.8530805687203795
152921 5.676392572944297 949475 7.8530805687203795
124608 5.67870036101083 949475 7.8530805687203795
390203 5.679347826086956 949475 7.8530805687203795
701913 5.679558011049724 949475 7.8530805687203795
676732 5.68 949475 7.8530805687203795
467367 5.680232558139535 949475 7.8530805687203795
103761 5.680451127819549 949475 7.8530805687203795
769497 5.680722891566265 949475 7.8530805687203795
372481 5.68075117370892 949475 7.8530805687203795
499004 5.680851063829787 949475 7.8530805687203795
700819 5.680851063829787 949475 7.8530805687203795
817293 5.681818181818182 949475 7.8530805687203795
449760 5.683098591549296 949475 7.8530805687203795
488450 5.684782608695652 949475 7.8530805687203795
311864 5.685393258426966 949475 7.8530805687203795
857420 5.685393258426966 949475 7.8530805687203795
391666 5.685446009389671 949475 7.8530805687203795
131263 5.6859205776173285 949475 7.8530805687203795
823011 5.6878306878306875 949475 7.8530805687203795
379434 5.689075630252101 949475 7.8530805687203795
907698 5.689873417721519 949475 7.8530805687203795
480254 5.690476190476191 949475 7.8530805687203795
900177 5.6923076923076925 949475 7.8530805687203795
488984 5.692771084337349 949475 7.8530805687203795
612953 5.6946902654867255 949475 7.8530805687203795
840245 5.695035460992908 949475 7.8530805687203795
236050 5.6953125 949475 7.8530805687203795
693541 5.695364238410596 949475 7.8530805687203795
279453 5.695783132530121 949475 7.8530805687203795
921124 5.696296296296296 949475 7.8530805687203795
653718 5.696428571428571 949475 7.8530805687203795
898055 5.697478991596639 949475 7.8530805687203795
368373 5.698019801980198 949475 7.8530805687203795
368494 5.698795180722891 949475 7.8530805687203795
466353 5.699386503067485 949475 7.8530805687203795
108360 5.6996699669967 949475 7.8530805687203795
235389 5.7 949475 7.8530805687203795
576104 5.7 949475 7.8530805687203795
898468 5.7012448132780085 949475 7.8530805687203795
651503 5.702325581395349 949475 7.8530805687203795
570415 5.702702702702703 949475 7.8530805687203795
654685 5.704663212435233 949475 7.8530805687203795
889019 5.704918032786885 949475 7.8530805687203795
661429 5.706806282722513 949475 7.8530805687203795
466895 5.7073170731707314 949475 7.8530805687203795
248870 5.707920792079208 949475 7.8530805687203795
817113 5.708029197080292 949475 7.8530805687203795
391556 5.70873786407767 949475 7.8530805687203795
848170 5.710059171597633 949475 7.8530805687203795
364907 5.710407239819005 949475 7.8530805687203795
699147 5.711206896551724 949475 7.8530805687203795
506140 5.711538461538462 949475 7.8530805687203795
877032 5.711538461538462 949475 7.8530805687203795
467444 5.711764705882353 949475 7.8530805687203795
222160 5.712158808933003 949475 7.8530805687203795
380005 5.713080168776371 949475 7.8530805687203795
700367 5.713286713286713 949475 7.8530805687203795
345562 5.713355048859935 949475 7.8530805687203795
803375 5.713636363636364 949475 7.8530805687203795
433172 5.715277777777778 949475 7.8530805687203795
279037 5.715976331360947 949475 7.8530805687203795
719552 5.717391304347826 949475 7.8530805687203795
724273 5.719298245614035 949475 7.8530805687203795
754327 5.721030042918455 949475 7.8530805687203795
467366 5.72289156626506 949475 7.8530805687203795
583433 5.723529411764706 949475 7.8530805687203795
278373 5.723577235772358 949475 7.8530805687203795
770107 5.723684210526316 949475 7.8530805687203795
642567 5.723735408560311 949475 7.8530805687203795
865094 5.724444444444444 949475 7.8530805687203795
279324 5.724770642201835 949475 7.8530805687203795
174689 5.725 949475 7.8530805687203795
679534 5.725 949475 7.8530805687203795
649737 5.725925925925926 949475 7.8530805687203795
467423 5.726256983240224 949475 7.8530805687203795
278884 5.7272727272727275 949475 7.8530805687203795
412040 5.728155339805825 949475 7.8530805687203795
258263 5.73037542662116 949475 7.8530805687203795
677885 5.731034482758621 949475 7.8530805687203795
109134 5.731448763250883 949475 7.8530805687203795
511828 5.731884057971015 949475 7.8530805687203795
305167 5.732394366197183 949475 7.8530805687203795
755436 5.732758620689655 949475 7.8530805687203795
848022 5.732793522267206 949475 7.8530805687203795
674518 5.7330827067669174 949475 7.8530805687203795
467052 5.733333333333333 949475 7.8530805687203795
474241 5.733333333333333 949475 7.8530805687203795
769589 5.733812949640288 949475 7.8530805687203795
379763 5.736585365853658 949475 7.8530805687203795
459313 5.737704918032787 949475 7.8530805687203795
698560 5.739130434782608 949475 7.8530805687203795
673554 5.73992673992674 949475 7.8530805687203795
772660 5.740812379110252 949475 7.8530805687203795
269538 5.740875912408759 949475 7.8530805687203795
899101 5.741116751269035 949475 7.8530805687203795
391121 5.741784037558685 949475 7.8530805687203795
664806 5.742331288343558 949475 7.8530805687203795
684111 5.742574257425742 949475 7.8530805687203795
488299 5.743169398907104 949475 7.8530805687203795
150381 5.744868035190616 949475 7.8530805687203795
364639 5.745454545454545 949475 7.8530805687203795
318665 5.745614035087719 949475 7.8530805687203795
222162 5.747474747474747 949475 7.8530805687203795
364422 5.747619047619048 949475 7.8530805687203795
174726 5.748792270531401 949475 7.8530805687203795
107651 5.75 949475 7.8530805687203795
577709 5.75 949475 7.8530805687203795
609574 5.75 949475 7.8530805687203795
790938 5.75 949475 7.8530805687203795
456600 5.75107296137339 949475 7.8530805687203795
266651 5.751219512195122 949475 7.8530805687203795
439879 5.752688172043011 949475 7.8530805687203795
724376 5.753012048192771 949475 7.8530805687203795
857035 5.753846153846154 949475 7.8530805687203795
108568 5.754208754208754 949475 7.8530805687203795
755874 5.755364806866953 949475 7.8530805687203795
764392 5.7556390977443606 949475 7.8530805687203795
570686 5.755760368663594 949475 7.8530805687203795
337369 5.761627906976744 949475 7.8530805687203795
377165 5.762376237623762 949475 7.8530805687203795
277530 5.762443438914027 949475 7.8530805687203795
701145 5.7631578947368425 949475 7.8530805687203795
198632 5.763713080168777 949475 7.8530805687203795
294021 5.765432098765432 949475 7.8530805687203795
849715 5.766467065868263 949475 7.8530805687203795
267219 5.766666666666667 949475 7.8530805687203795
486522 5.766839378238342 949475 7.8530805687203795
646469 5.76824034334764 949475 7.8530805687203795
344003 5.7706766917293235 949475 7.8530805687203795
339542 5.770833333333333 949475 7.8530805687203795
671225 5.771241830065359 949475 7.8530805687203795
335545 5.771551724137931 949475 7.8530805687203795
755499 5.77292576419214 949475 7.8530805687203795
900101 5.77319587628866 949475 7.8530805687203795
656423 5.775 949475 7.8530805687203795
441239 5.775735294117647 949475 7.8530805687203795
364409 5.78125 949475 7.8530805687203795
268881 5.781362007168458 949475 7.8530805687203795
242726 5.7815699658703075 949475 7.8530805687203795
327889 5.782178217821782 949475 7.8530805687203795
291998 5.782771535580524 949475 7.8530805687203795
235908 5.7848605577689245 949475 7.8530805687203795
406016 5.786184210526316 949475 7.8530805687203795
264679 5.788177339901478 949475 7.8530805687203795
335362 5.788381742738589 949475 7.8530805687203795
303506 5.7894736842105265 949475 7.8530805687203795
571670 5.789954337899544 949475 7.8530805687203795
346058 5.791443850267379 949475 7.8530805687203795
311851 5.791666666666667 949475 7.8530805687203795
699600 5.791666666666667 949475 7.8530805687203795
409991 5.792270531400966 949475 7.8530805687203795
446356 5.792270531400966 949475 7.8530805687203795
379943 5.793248945147679 949475 7.8530805687203795
379484 5.793814432989691 949475 7.8530805687203795
537800 5.7942857142857145 949475 7.8530805687203795
501326 5.794594594594595 949475 7.8530805687203795
616603 5.7967032967032965 949475 7.8530805687203795
622781 5.7969543147208125 949475 7.8530805687203795
673144 5.797794117647059 949475 7.8530805687203795
674368 5.800766283524904 949475 7.8530805687203795
108284 5.801369863013699 949475 7.8530805687203795
142119 5.801556420233463 949475 7.8530805687203795
125642 5.802281368821292 949475 7.8530805687203795
179164 5.802507836990595 949475 7.8530805687203795
598133 5.803921568627451 949475 7.8530805687203795
229255 5.804964539007092 949475 7.8530805687203795
264859 5.805128205128205 949475 7.8530805687203795
693262 5.805369127516778 949475 7.8530805687203795
237202 5.80544747081712 949475 7.8530805687203795
411149 5.810945273631841 949475 7.8530805687203795
261112 5.81140350877193 949475 7.8530805687203795
440085 5.811594202898551 949475 7.8530805687203795
685416 5.811594202898551 949475 7.8530805687203795
723909 5.8121212121212125 949475 7.8530805687203795
439313 5.8121546961325965 949475 7.8530805687203795
613079 5.812765957446809 949475 7.8530805687203795
663310 5.8133333333333335 949475 7.8530805687203795
120045 5.813609467455621 949475 7.8530805687203795
466826 5.81437125748503 949475 7.8530805687203795
742801 5.815165876777251 949475 7.8530805687203795
633245 5.817518248175182 949475 7.8530805687203795
463434 5.8201058201058204 949475 7.8530805687203795
661403 5.821989528795812 949475 7.8530805687203795
222022 5.822622107969152 949475 7.8530805687203795
633159 5.823754789272031 949475 7.8530805687203795
405959 5.823920265780731 949475 7.8530805687203795
526898 5.827338129496403 949475 7.8530805687203795
706669 5.8274111675126905 949475 7.8530805687203795
849504 5.827586206896552 949475 7.8530805687203795
752554 5.8279069767441865 949475 7.8530805687203795
768844 5.8283582089552235 949475 7.8530805687203795
260548 5.828571428571428 949475 7.8530805687203795
181354 5.828767123287672 949475 7.8530805687203795
405870 5.828859060402684 949475 7.8530805687203795
939496 5.829383886255924 949475 7.8530805687203795
616414 5.829931972789115 949475 7.8530805687203795
206073 5.830324909747293 949475 7.8530805687203795
379535 5.831111111111111 949475 7.8530805687203795
335381 5.834080717488789 949475 7.8530805687203795
400951 5.834319526627219 949475 7.8530805687203795
386735 5.834677419354839 949475 7.8530805687203795
487285 5.835616438356165 949475 7.8530805687203795
340527 5.836734693877551 949475 7.8530805687203795
910025 5.836879432624113 949475 7.8530805687203795
642949 5.83984375 949475 7.8530805687203795
124302 5.840277777777778 949475 7.8530805687203795
363720 5.84037558685446 949475 7.8530805687203795
222147 5.840506329113924 949475 7.8530805687203795
704005 5.842391304347826 949475 7.8530805687203795
179317 5.8427672955974845 949475 7.8530805687203795
830670 5.8431372549019605 949475 7.8530805687203795
529972 5.843478260869565 949475 7.8530805687203795
742033 5.844311377245509 949475 7.8530805687203795
927908 5.846153846153846 949475 7.8530805687203795
594017 5.847619047619047 949475 7.8530805687203795
671304 5.849673202614379 949475 7.8530805687203795
434835 5.850220264317181 949475 7.8530805687203795
582239 5.850299401197605 949475 7.8530805687203795
699345 5.851063829787234 949475 7.8530805687203795
699498 5.851063829787234 949475 7.8530805687203795
279087 5.852760736196319 949475 7.8530805687203795
