244715 5.304347826086956
310400 5.090425531914893
744330 6.085889570552148
126693 3.576642335766423
645992 4.459821428571429
132234 5.103448275862069
336789 6.8936170212765955
885842 6.123376623376624
285638 4.929411764705883
288101 5.139130434782609
932546 5.933333333333334
446722 4.583756345177665
618183 5.666666666666667
150381 5.744868035190616
373655 5.651982378854625
42462 7.064102564102564
364681 4.545023696682464
235280 5.66530612244898
262387 4.632352941176471
623107 5.260606060606061
107967 5.944078947368421
742787 4.8817733990147785
467115 6.152941176470589
886044 4.8789808917197455
786495 5.360294117647059
772660 5.740812379110252
698560 5.739130434782608
237317 3.8048780487804876
363262 5.586854460093897
673554 5.73992673992674
650150 6.696750902527076
747389 5.236714975845411
560488 6.052631578947368
504353 6.014084507042254
344003 5.7706766917293235
685416 5.811594202898551
467327 5.306748466257669
938191 5.26241134751773
179366 6.23961661341853
557590 5.612121212121212
220021 4.052369077306733
442340 5.853211009174312
380259 6.262931034482759
830959 5.303225806451613
934162 5.585714285714285
475130 4.285714285714286
277530 5.762443438914027
263541 4.323636363636363
817978 4.648854961832061
364730 5.253521126760563
953473 4.934782608695652
584342 6.9298245614035086
466857 4.954285714285715
764416 4.887596899224806
650540 7.410526315789474
108527 4.588850174216028
106954 5.052631578947368
368913 6.562893081761007
206237 4.43609022556391
440464 4.443902439024391
379393 6.449579831932773
836291 5.319727891156463
442999 5.060185185185185
612953 5.6946902654867255
440415 5.668341708542713
690713 6.25625
617204 5.653284671532846
181099 4.140845070422535
674311 4.996078431372549
458649 5.935828877005347
849504 5.827586206896552
707258 4.455172413793103
719507 5.201086956521739
177125 6.145962732919255
467299 4.363636363636363
849558 6.099415204678363
731140 6.1477272727272725
763458 5.286852589641434
646420 6.187234042553191
315827 6.045977011494253
316814 5.039840637450199
351666 5.0638297872340425
380612 6.065502183406114
221703 6.111386138613861
467009 6.160919540229885
108581 5.322695035460993
278680 6.386885245901639
885946 4.8431372549019605
698874 6.265822784810126
140011 4.658273381294964
240589 4.670731707317073
755205 4.716814159292035
894361 7.311627906976744
178975 5.965625
719117 6.19205298013245
298524 4.169014084507042
750726 6.579268292682927
737356 4.78125
466905 5.9655172413793105
335521 5.165137614678899
236165 5.578740157480315
939496 5.829383886255924
424175 5.258536585365854
430145 5.2
501030 6.2513089005235605
851541 5.636792452830188
616533 6.005586592178771
340527 5.836734693877551
939765 5.024752475247524
466932 4.503105590062112
237388 6.1400778210116735
379406 5.598253275109171
533825 6.303225806451613
295478 4.347417840375587
500826 4.616279069767442
633245 5.817518248175182
298140 5.951890034364261
781726 5.608695652173913
584249 4.775862068965517
628352 5.633484162895928
372481 5.68075117370892
364907 5.710407239819005
351054 4.613636363636363
702213 5.642857142857143
754833 4.740088105726873
179282 5.990936555891238
949742 5.571428571428571
921124 5.696296296296296
790938 5.75
179042 6.205521472392638
673039 4.988721804511278
653885 5.564766839378239
264729 5.111627906976744
755621 6.188034188034188
412040 5.728155339805825
773838 4.611510791366906
208668 4.880434782608695
279357 5.590769230769231
704129 5.663043478260869
356887 5.979591836734694
661485 5.661375661375661
725574 4.830882352941177
456600 5.75107296137339
222022 5.822622107969152
424484 5.038759689922481
279281 6.188790560471976
538499 4.32258064516129
700757 6.771428571428571
390886 5.927272727272728
480364 4.403846153846154
380741 4.15625
699464 5.860986547085202
236961 5.629166666666666
947753 4.5851851851851855
342246 6.7109375
569868 7.078260869565217
178309 4.324074074074074
480456 5.302564102564102
817644 5.081632653061225
195928 4.696428571428571
176446 4.658088235294118
269018 4.503759398496241
723665 6.135802469135802
260548 5.828571428571428
412803 5.0366300366300365
744839 5.0710382513661205
206051 4.548736462093863
278884 5.7272727272727275
580246 5.127388535031847
306779 3.984313725490196
379535 5.831111111111111
404693 5.211764705882353
889019 5.704918032786885
551363 5.069565217391304
912297 6.229411764705882
178970 4.822784810126582
281906 4.926724137931035
939755 4.741463414634146
467366 5.72289156626506
655340 3.8217391304347825
848157 4.7073170731707314
498591 4.668711656441718
309752 4.356435643564357
405953 4.03
470451 4.742857142857143
222055 4.439473684210526
482842 5.185714285714286
275261 5.228650137741047
699700 5.135245901639344
439715 6.157608695652174
174699 6.317073170731708
486193 4.892655367231638
662356 4.638888888888889
777662 4.56
465517 6.188235294117647
221615 4.319899244332493
643708 5.285123966942149
404207 6.152941176470589
892404 6.25503355704698
466754 6.479041916167665
458465 6.544303797468355
754846 4.726872246696035
699659 4.919642857142857
247262 4.826241134751773
379484 5.793814432989691
310085 6.766990291262136
646139 5.1191489361702125
345886 5.9411764705882355
279459 5.065015479876161
745914 6.144329896907217
162020 5.305882352941176
834285 6.42741935483871
940811 7.030701754385965
380287 5.973568281938326
308569 5.108374384236453
693280 5.264285714285714
439826 4.805714285714286
628292 6.253164556962025
340071 5.065891472868217
152921 5.676392572944297
440646 5.1421319796954315
609895 5.036303630363037
647599 5.966216216216216
273810 4.356617647058823
364262 5.671171171171171
792351 4.7073170731707314
738064 4.300448430493273
181478 4.211469534050179
359957 6.035175879396985
237331 5.0
467228 4.9209039548022595
364246 6.126760563380282
378991 5.324561403508772
300406 4.737556561085973
568219 5.122171945701357
697383 5.176795580110498
856966 5.232824427480916
660648 5.884615384615385
718755 4.620481927710843
175599 4.930656934306569
699345 5.851063829787234
379581 4.701754385964913
279526 4.795302013422819
449146 5.025
643755 3.5350877192982457
512016 4.036363636363636
279087 5.852760736196319
948548 6.134615384615385
817732 6.051470588235294
802713 5.655172413793103
179389 6.058064516129032
379123 4.040909090909091
653351 5.335365853658536
105576 4.854700854700854
467258 6.273255813953488
500857 5.8563829787234045
830969 6.160256410256411
616854 6.954285714285715
482908 5.314363143631437
396254 5.979166666666667
949691 4.756218905472637
478465 4.502487562189055
234357 5.228758169934641
369867 6.081504702194358
927469 5.950819672131147
700819 5.680851063829787
674368 5.800766283524904
570066 5.665116279069768
103968 6.329861111111111
738692 5.665158371040724
701315 5.294964028776978
364760 6.149532710280374
900091 6.045918367346939
460033 4.838862559241706
133694 4.9771689497716896
742033 5.844311377245509
938637 5.137614678899083
118132 5.324742268041237
432426 5.226415094339623
913854 4.507042253521127
817263 6.087591240875913
405096 5.158783783783784
150525 3.431547619047619
661383 5.105263157894737
220384 4.025
817293 5.681818181818182
755393 5.164444444444444
396631 6.406666666666666
181213 5.320422535211268
279410 5.132890365448505
654696 5.318407960199005
763653 4.705426356589148
865173 5.640522875816994
199411 4.12280701754386
400916 4.994011976047904
443805 5.10377358490566
646178 5.983193277310924
235311 3.9914529914529915
487285 5.835616438356165
784439 6.48
755946 6.017391304347826
126651 5.575438596491228
946049 4.838509316770186
249020 4.468531468531468
427024 4.75
674226 7.542253521126761
724273 5.719298245614035
279595 4.724242424242425
172406 5.070621468926554
300474 4.9326923076923075
944883 4.601036269430052
814757 5.348623853211009
661515 6.3563829787234045
127505 4.715025906735751
768646 5.658008658008658
645770 6.112068965517241
616414 5.829931972789115
199048 6.350806451612903
652967 6.051428571428572
268686 4.8487084870848705
312258 5.297872340425532
938215 5.051851851851852
231848 5.337792642140468
130813 4.270370370370371
885777 5.2727272727272725
644127 5.122270742358078
354719 5.123209169054442
258623 5.866952789699571
574811 6.318181818181818
413322 5.105263157894737
653868 4.294736842105263
276851 5.12012012012012
837143 4.779487179487179
906760 4.441666666666666
108363 6.483333333333333
818703 4.475935828877005
293015 6.163888888888889
125358 5.268115942028985
364554 4.975845410628019
475370 6.13855421686747
369882 6.565079365079365
382143 4.454918032786885
793359 5.069148936170213
534816 4.609589041095891
739791 5.053571428571429
953979 6.866141732283465
199291 7.008064516129032
718093 6.450331125827814
115380 5.019543973941368
898944 5.876288659793815
701305 6.026315789473684
158131 6.207964601769912
764237 4.797709923664122
830943 6.672955974842767
787933 4.586466165413534
704410 5.148351648351649
232818 4.66996699669967
734731 5.131868131868132
900772 5.3121693121693125
124281 5.181494661921708
874737 4.443946188340807
274113 4.337209302325581
644147 5.302521008403361
825562 4.968
883137 4.71957671957672
234480 5.326530612244898
724149 5.634146341463414
423025 4.149253731343284
364891 6.083333333333333
437815 5.147859922178989
181178 5.044982698961937
118032 5.167539267015707
157723 5.036529680365297
279453 5.695783132530121
769728 5.985781990521327
849672 6.591954022988506
304797 4.824468085106383
726410 3.075
613079 5.812765957446809
438086 6.87037037037037
449242 4.822660098522167
391588 5.6048780487804875
485909 5.032085561497326
440565 5.660465116279069
150522 4.034653465346534
262769 4.77292576419214
336923 4.775147928994083
706338 4.835978835978836
215590 5.0633333333333335
131658 4.859848484848484
362610 6.515695067264574
601227 5.60625
380136 5.15929203539823
257280 4.485611510791367
326235 5.165413533834586
699349 6.650793650793651
911911 6.613636363636363
950937 5.277777777777778
251341 4.878787878787879
465679 4.925
379457 5.314655172413793
501326 5.794594594594595
248870 5.707920792079208
467252 4.814814814814815
391380 5.625
742829 5.145631067961165
235517 4.946058091286307
899717 4.860103626943006
786264 4.778625954198473
466929 4.444444444444445
146182 5.295238095238095
343640 6.1183206106870225
935912 4.894736842105263
763314 5.021897810218978
627208 6.8164556962025316
699321 6.82051282051282
755217 5.912280701754386
240375 5.040178571428571
742745 5.01980198019802
466021 5.255952380952381
237248 6.138996138996139
279037 5.715976331360947
841734 5.01067615658363
178347 4.703821656050955
107104 4.0369127516778525
858125 3.992248062015504
862000 6.584507042253521
870796 4.317972350230415
377165 5.762376237623762
673698 5.306513409961686
699651 5.6208791208791204
823944 5.646616541353383
777812 5.354037267080745
438098 4.828
364070 5.097674418604651
674008 4.396946564885496
335545 5.771551724137931
922452 5.267857142857143
271029 5.0227272727272725
295709 4.910798122065728
539225 6.46875
396775 4.7226277372262775
509966 5.315602836879433
378720 4.057777777777778
940680 4.918552036199095
699678 5.144444444444445
776122 5.64
466855 5.16374269005848
537800 5.7942857142857145
335362 5.788381742738589
221991 5.1625
440401 5.14070351758794
568519 7.243243243243243
699680 5.988888888888889
240603 4.7594936708860756
326017 3.626943005181347
390308 5.360576923076923
861403 5.929078014184397
642949 5.83984375
461304 4.438356164383562
48307 5.595890410958904
499852 5.304093567251462
467194 4.987179487179487
898468 5.7012448132780085
480278 6.052631578947368
577754 4.215827338129497
840245 5.695035460992908
936638 4.8428571428571425
156803 6.392523364485982
178981 5.2492012779552715
574695 4.944723618090452
364833 6.719047619047619
315812 4.7923497267759565
627618 6.037974683544304
120015 5.291139240506329
143775 6.357976653696498
849641 6.35754189944134
704166 4.838888888888889
575202 6.640909090909091
939802 4.21025641025641
745958 4.7
249029 4.244604316546763
652831 5.26595744680851
297589 5.907258064516129
125475 4.8
338492 4.871244635193133
673756 7.278985507246377
364844 4.147619047619048
160970 4.038062283737024
699504 4.608695652173913
942943 5.137931034482759
466532 5.905882352941177
736276 5.105263157894737
460237 5.909090909090909
238288 6.273885350318471
259477 5.2924528301886795
331382 4.733668341708543
315821 4.724137931034483
803496 6.883408071748879
764221 4.563706563706564
161964 5.353801169590644
108179 5.2064056939501775
380300 5.947826086956522
533961 5.574626865671642
334689 4.844444444444444
501445 5.0790960451977405
651559 4.635761589403973
222167 5.182044887780549
764435 4.602409638554217
593532 5.946428571428571
742045 5.122580645161291
813991 5.928251121076233
643772 5.3625
939459 4.985436893203883
939525 6.159420289855072
927457 5.336206896551724
367005 6.121827411167513
652554 4.809782608695652
589378 6.574585635359116
241219 4.229268292682927
500590 6.212290502793296
737581 4.609302325581395
436879 4.747311827956989
851768 5.041666666666667
502275 4.671140939597316
769787 4.60093896713615
364422 5.747619047619048
302450 4.9754901960784315
315453 6.0669856459330145
506140 5.711538461538462
755499 5.77292576419214
877032 5.711538461538462
120212 4.213166144200627
404621 4.790697674418604
279531 5.614906832298137
490308 5.073333333333333
817391 6.2481203007518795
529972 5.843478260869565
458929 5.308755760368664
378857 3.6622222222222223
768715 5.2018779342723
517861 4.893048128342246
219861 4.902439024390244
654363 6.543689320388349
334688 6.566371681415929
237075 5.676229508196721
787880 5.057971014492754
343935 5.014925373134329
179036 5.25
469342 4.058252427184466
570329 4.06046511627907
674388 4.864864864864865
304113 4.896321070234114
179367 5.1625
569873 7.013392857142857
764634 5.320610687022901
742805 5.3364928909952605
907698 5.689873417721519
292026 4.913669064748201
369731 5.0234375
466852 6.264705882352941
810220 6.324324324324325
467192 6.054545454545455
755474 5.995614035087719
763787 5.136186770428016
345562 5.713355048859935
511163 6.004739336492891
661225 6.161458333333333
761677 4.595454545454546
265068 5.087628865979381
238967 5.6572327044025155
287524 3.8969957081545066
293064 4.217910447761194
126805 5.064285714285714
645980 5.298245614035087
527620 5.051851851851852
646469 5.76824034334764
835626 5.082191780821918
864029 3.5445026178010473
655312 5.2845188284518825
669340 5.006711409395973
955876 4.966981132075472
279094 5.287878787878788
278678 5.204968944099379
646476 5.280701754385965
892400 6.454545454545454
387537 4.027888446215139
183493 4.456375838926174
108571 4.930313588850174
151404 4.867647058823529
762772 6.262773722627737
151398 4.079646017699115
131263 5.6859205776173285
308196 6.4120603015075375
681431 4.506410256410256
258263 5.73037542662116
899723 6.545918367346939
449760 5.683098591549296
764434 6.181481481481481
251997 4.926406926406926
364924 5.323529411764706
438218 4.25
478541 3.234042553191489
570415 5.702702702702703
157658 4.497652582159624
769555 5.984848484848484
608570 7.24923076923077
467383 5.304347826086956
704152 5.965714285714285
120263 5.305135951661631
648848 3.7972350230414746
707316 4.768211920529802
746013 7.014925373134329
937996 4.855421686746988
198173 4.9523809523809526
123023 4.8478260869565215
300877 5.093457943925234
939707 5.195
335153 6.255707762557078
325976 4.769230769230769
787718 4.421052631578948
108506 5.922077922077922
940864 4.36986301369863
177697 4.572347266881029
588452 5.655021834061135
829441 5.264840182648402
480403 4.768844221105527
467113 5.994285714285715
464727 6.45
903309 5.190082644628099
142119 5.801556420233463
511471 4.869402985074627
560206 6.303571428571429
108286 4.177935943060498
677618 5.935714285714286
362189 4.671428571428572
381236 5.938650306748467
608656 5.267326732673268
308808 4.635467980295567
179333 4.594059405940594
818060 5.587628865979381
865094 5.724444444444444
701295 5.020833333333333
730362 4.793103448275862
702204 4.3577981651376145
251010 5.316831683168317
313550 4.11875
191382 4.637404580152672
221317 4.0
248632 4.246696035242291
691082 5.2974683544303796
507718 6.393700787401575
266651 5.751219512195122
430005 5.055555555555555
378175 5.017167381974249
121703 4.025316455696203
428790 6.221122112211221
125119 4.4375
177702 6.075409836065574
301656 5.074418604651163
99802 4.423611111111111
134216 4.759825327510917
228012 4.251798561151079
236740 5.623481781376518
143527 4.2153846153846155
823011 5.6878306878306875
674173 5.03030303030303
698305 4.717299578059071
222054 4.429752066115703
955920 4.734597156398104
442887 6.510822510822511
259612 4.290322580645161
857732 6.9
718159 6.086666666666667
742801 5.815165876777251
534496 5.070921985815603
896253 4.690217391304348
702217 4.725225225225225
531514 5.0
355368 6.045
235801 4.894736842105263
263708 5.571955719557195
848557 5.9476744186046515
699388 5.17741935483871
786883 4.753846153846154
134575 4.869565217391305
363772 5.166666666666667
178527 4.262658227848101
551383 6.230769230769231
898434 5.142259414225942
850993 6.046728971962617
178294 5.113207547169812
108598 4.4709897610921505
440381 6.050761421319797
755436 5.732758620689655
458653 5.023809523809524
477307 4.943502824858757
144046 3.458823529411765
699394 5.2592592592592595
940837 6.695278969957082
940955 5.895927601809955
181659 5.906574394463668
642837 5.98443579766537
240356 5.226495726495727
715413 5.088
126806 4.814285714285714
466196 4.903614457831325
151395 4.2507374631268435
334077 4.869767441860465
267219 5.766666666666667
350614 5.0299625468164795
431980 5.340314136125654
220706 5.2643391521197005
708563 6.164948453608248
448756 6.120996441281139
177954 5.3343653250774
569801 6.2825112107623315
707103 4.582010582010582
151256 4.837278106508876
265409 5.627450980392157
863029 5.049295774647887
300679 4.6
646011 5.192468619246862
108053 4.692041522491349
827290 5.2682926829268295
98281 4.806779661016949
653718 5.696428571428571
229255 5.804964539007092
432762 5.257731958762887
273145 5.049180327868853
664806 5.742331288343558
179287 5.274447949526814
235992 4.921259842519685
466817 6.654970760233918
430085 4.5432525951557095
433685 7.386046511627907
817730 5.992424242424242
221647 3.729591836734694
365769 5.313513513513514
858801 4.427184466019417
943489 5.311377245508982
914806 6.994152046783626
108492 4.957746478873239
932994 4.691780821917808
475340 6.260606060606061
206570 4.443661971830986
804435 5.35625
397470 6.425531914893617
242543 6.172297297297297
439820 5.117647058823529
111809 6.736585365853658
654727 4.775510204081633
940513 5.0
237391 5.5910931174089065
764129 5.1937984496124034
602598 6.45273631840796
814878 5.288888888888889
380096 5.036363636363636
862037 5.065693430656935
500976 4.959302325581396
671005 5.240259740259741
520468 5.06282722513089
111726 4.966346153846154
636743 5.104602510460251
764392 5.7556390977443606
501130 5.928176795580111
112995 4.516528925619835
217773 4.607508532423208
861845 6.536231884057971
251780 5.610619469026549
534754 4.793103448275862
584387 5.0062111801242235
817113 5.708029197080292
776670 5.075342465753424
254903 5.0150943396226415
663726 5.625
903099 5.092485549132948
699706 6.531914893617022
699614 6.433333333333334
479218 6.581081081081081
206349 5.637630662020906
500576 4.694915254237288
205192 4.395522388059701
764159 5.601532567049809
178236 4.854304635761589
760035 5.966887417218543
323610 5.11787072243346
668173 5.329411764705882
769171 4.568181818181818
346744 4.617100371747212
200314 4.13103448275862
939583 5.0353535353535355
764120 5.176923076923077
103904 5.142322097378277
618541 4.836601307189542
380692 6.216814159292035
716618 6.267379679144385
312714 4.899521531100478
139940 5.310344827586207
456205 6.011627906976744
584460 6.547058823529412
698407 5.603260869565218
266385 4.496296296296296
242726 5.7815699658703075
637030 5.923728813559322
380583 4.565217391304348
405967 4.797979797979798
306950 3.908
162111 4.820058997050148
849008 5.023952095808383
667386 5.277777777777778
655484 3.961864406779661
852684 4.482587064676617
699631 6.067357512953368
151831 4.575384615384616
315752 5.195266272189349
237390 4.792
920458 4.8
864635 4.821100917431193
533914 5.664233576642336
221141 5.584856396866841
344294 5.963503649635037
108504 4.7386759581881535
439768 6.538043478260869
505715 5.594117647058823
219143 5.883116883116883
642674 3.57085020242915
474241 5.733333333333333
741820 5.643312101910828
654068 3.972413793103448
938099 6.318840579710145
646440 4.536363636363636
244179 4.525547445255475
278380 5.266094420600858
395696 4.807142857142857
393155 5.097701149425287
609755 5.910256410256411
237276 5.25
671857 5.006451612903226
405703 4.532203389830508
549393 4.982658959537572
848170 5.710059171597633
841146 6.183856502242152
700418 5.994791666666667
639676 5.884393063583815
721630 5.140625
467149 5.224242424242425
656423 5.775
616603 5.7967032967032965
235908 5.7848605577689245
646454 5.183035714285714
472463 4.6255506607929515
752498 4.893203883495145
501381 6.44385026737968
722281 5.3088235294117645
439575 4.511111111111111
382579 4.459821428571429
257985 5.171232876712328
396243 5.347517730496454
396749 6.3355704697986575
181519 6.003521126760563
672504 4.492307692307692
459313 5.737704918032787
235480 6.184738955823293
562533 4.8389261744966445
405818 5.659163987138264
222160 5.712158808933003
379763 5.736585365853658
108188 4.975609756097561
383943 5.94331983805668
500546 5.994736842105263
466577 5.079268292682927
204980 5.171428571428572
277507 5.313291139240507
741393 5.878787878787879
811597 4.91869918699187
342941 4.826271186440678
476755 5.091397849462366
820005 6.170329670329671
712095 5.072164948453608
112979 4.472727272727273
627243 5.639455782312925
699498 5.851063829787234
174829 5.064356435643564
208143 4.472324723247232
115791 4.6826923076923075
179948 4.788888888888889
344184 4.9547169811320755
884636 5.141935483870967
378037 6.13963963963964
221338 5.584541062801932
424465 6.183206106870229
511828 5.731884057971015
849147 5.1017964071856285
579056 5.05
98116 5.3426573426573425
78306 4.928571428571429
350021 5.075757575757576
560099 4.686390532544379
905411 6.51123595505618
232599 5.673151750972763
108040 5.283276450511946
900101 5.77319587628866
862154 5.913669064748201
697749 4.730769230769231
488299 5.743169398907104
576104 5.7
754474 5.224669603524229
236294 4.129707112970712
479905 5.057034220532319
156537 3.619335347432024
200718 4.586805555555555
648986 6.388489208633094
802125 5.87037037037037
900090 5.180412371134021
955316 6.728888888888889
440344 7.662037037037037
647451 5.293814432989691
755137 4.0588235294117645
294338 3.913544668587896
811342 6.857142857142857
940553 4.684931506849315
724078 4.928571428571429
938258 5.044776119402985
264679 5.788177339901478
661194 5.655913978494624
617257 6.331491712707182
181214 5.934931506849315
315572 5.257894736842105
627252 4.197368421052632
849537 5.3
693541 5.695364238410596
219382 5.86734693877551
438569 5.874396135265701
479080 6.048543689320389
671381 4.593548387096774
474673 4.4
335263 4.472477064220183
721292 6.245810055865922
200728 4.796610169491525
299993 5.330275229357798
674300 5.224334600760456
364920 5.302752293577981
255485 4.622137404580153
646005 4.460869565217391
526898 5.827338129496403
585409 7.052132701421801
787866 4.735294117647059
527780 4.21578947368421
511806 4.132404181184669
262722 5.282051282051282
645424 3.6844444444444444
940863 4.798165137614679
179361 4.826366559485531
141857 5.108597285067873
640327 4.319502074688796
379903 5.08
931424 5.261363636363637
334277 4.706976744186046
745824 5.338541666666667
628248 6.670886075949367
713032 5.2215189873417724
299737 6.0285714285714285
527458 4.895833333333333
440400 4.868020304568528
179173 6.451104100946372
910025 5.836879432624113
235945 4.951219512195122
791815 4.834782608695652
279398 5.233846153846154
179336 5.636085626911315
364764 4.8577981651376145
710595 4.045918367346939
245241 5.314159292035399
550877 6.588709677419355
769597 5.348148148148148
460207 4.55
174689 5.725
347281 6.202572347266881
282886 3.626865671641791
573571 4.513513513513513
240601 3.7916666666666665
643783 4.764444444444444
240425 4.253164556962025
140050 5.320574162679426
849068 6.290502793296089
517613 6.005050505050505
235389 5.7
702067 4.702857142857143
279320 4.8730650154798765
664622 4.797029702970297
222103 4.822942643391521
787682 6.057142857142857
616909 6.0710382513661205
570083 4.427884615384615
466701 5.632530120481928
316878 5.1826923076923075
220106 4.541884816753926
460054 4.310112359550562
707377 5.588888888888889
754327 5.721030042918455
337325 6.1098901098901095
571670 5.789954337899544
177857 5.307453416149069
856502 5.902255639097745
627888 5.22707423580786
819686 4.524590163934426
242986 4.5458015267175576
833675 5.340136054421769
124936 5.215017064846417
183651 5.316129032258065
251182 6.3007518796992485
559177 5.632
745983 5.225130890052356
255614 5.113725490196078
937922 5.154205607476635
237347 4.69758064516129
857159 5.3584905660377355
126450 5.642066420664206
750606 4.03862660944206
590661 6.104972375690608
198481 4.839357429718875
273222 5.052631578947368
358613 5.166666666666667
632280 5.011583011583012
479480 6.073076923076923
590717 5.943502824858757
108550 4.32258064516129
761563 5.251572327044025
467133 5.3354037267080745
178267 4.613003095975232
643019 5.314285714285714
891703 4.572769953051643
277270 4.024767801857585
723909 5.8121212121212125
818691 5.032432432432432
754633 4.561728395061729
148927 5.571428571428571
279445 4.576802507836991
406001 5.15112540192926
515161 4.86
570175 7.104347826086957
265558 4.478260869565218
252278 6.0
705693 4.593582887700535
939434 6.131067961165049
501895 4.800813008130081
466353 5.699386503067485
439871 4.266666666666667
154155 5.096045197740113
525632 4.881987577639752
592023 4.46218487394958
644011 2.65531914893617
729927 5.30635838150289
108274 4.304498269896194
857035 5.753846153846154
764103 5.988593155893536
405198 4.814935064935065
636004 5.075675675675676
409991 5.792270531400966
314100 6.775665399239544
636953 5.302127659574468
268878 4.43010752688172
636196 5.037037037037037
467052 5.733333333333333
752554 5.8279069767441865
260724 5.665198237885463
113200 4.360594795539034
501314 5.28030303030303
633581 6.003571428571429
684111 5.742574257425742
286273 5.260869565217392
706669 5.8274111675126905
198332 5.3264462809917354
849639 4.895061728395062
949475 7.8530805687203795
545062 5.102766798418973
437448 4.907630522088353
724476 4.808139534883721
738106 6.777777777777778
344024 5.235521235521236
108565 4.624573378839591
270413 5.861607142857143
356958 4.748633879781421
848084 4.866666666666666
646410 5.341991341991342
103761 5.680451127819549
131730 5.193069306930693
377529 4.819444444444445
838363 5.029556650246305
649572 5.0285714285714285
338141 4.443946188340807
698870 4.2314410480349345
518429 5.276041666666667
644701 5.9734513274336285
646106 6.077922077922078
150568 5.859903381642512
276301 5.003508771929824
763461 5.99236641221374
457502 5.671171171171171
102319 5.125490196078432
235814 5.285714285714286
575509 5.1380952380952385
439081 6.873015873015873
700199 5.9689119170984455
779098 5.995633187772926
209262 4.437768240343348
456979 4.542483660130719
390552 5.061904761904762
631257 6.147410358565737
949651 4.37
894513 4.787037037037037
364355 6.2465753424657535
699596 5.0625
867410 4.2639593908629445
475279 6.341991341991342
856348 5.577464788732394
204536 4.207885304659499
731039 5.890547263681592
533608 4.628378378378378
817494 5.668421052631579
218831 4.3806584362139915
439485 5.35
895721 4.951612903225806
343815 4.738955823293173
268881 5.781362007168458
945317 3.2291666666666665
235287 5.237704918032787
737579 3.4836601307189543
793874 4.483870967741935
210879 4.480952380952381
828673 5.909090909090909
562054 6.691780821917808
884376 5.9605263157894735
236887 5.955284552845528
699412 6.517006802721088
476556 5.1875
673300 4.973584905660378
369465 6.155063291139241
671203 5.902597402597403
953177 5.049586776859504
698667 6.2190082644628095
199296 4.975
126381 5.592592592592593
643292 5.092485549132948
481534 5.891304347826087
802067 4.916666666666667
584394 5.10062893081761
215127 4.975
674556 4.06949806949807
745357 5.251366120218579
125823 6.032967032967033
501947 4.725118483412322
755874 5.755364806866953
952321 3.9318181818181817
677973 4.993150684931507
863504 5.205673758865248
301139 5.112676056338028
340022 5.254826254826255
787483 4.912408759124087
179319 4.693037974683544
700272 4.924657534246576
705348 5.065868263473054
290324 5.864864864864865
645465 6.0978260869565215
834149 5.9308755760368665
108324 4.421052631578948
865304 5.885321100917431
168136 5.094650205761317
337496 5.622222222222222
858004 4.758893280632411
210537 6.363636363636363
654684 4.828125
284663 6.060283687943262
846740 5.0462633451957295
120476 4.475247524752476
837042 5.315789473684211
955902 4.578199052132701
583116 4.95625
403789 4.593023255813954
178516 6.275541795665634
575510 4.898477157360406
296902 4.9010989010989015
661242 5.673684210526316
198815 4.827004219409282
391666 5.685446009389671
209423 4.254612546125461
939703 4.031645569620253
842597 4.620689655172414
769127 5.334841628959276
381478 4.178899082568807
582239 5.850299401197605
123824 4.275985663082437
683217 4.990049751243781
362594 5.170616113744076
478473 6.8657407407407405
258124 6.332236842105263
340592 5.588477366255144
486522 5.766839378238342
653525 6.487179487179487
518846 5.1913875598086126
701913 5.679558011049724
755989 5.612068965517241
671403 5.113207547169812
720088 5.35
352870 4.669117647058823
158197 5.6438356164383565
569704 6.1441441441441444
745351 4.929292929292929
898247 6.464285714285714
803493 4.574766355140187
316193 4.815573770491803
181228 6.695081967213115
692567 6.1
360894 5.070588235294117
400417 4.030188679245283
405106 5.347266881028939
176965 4.518032786885246
780353 5.572222222222222
344238 5.018315018315018
458101 5.144736842105263
244963 6.256849315068493
534869 4.552238805970149
257787 6.53015873015873
701126 4.563380281690141
430480 4.988571428571428
120232 4.370588235294117
896492 6.321951219512195
707455 4.108808290155441
337369 5.761627906976744
568571 5.3271889400921655
431880 4.345
364727 4.896713615023474
109134 5.731448763250883
240191 6.341176470588235
151719 4.841791044776119
847982 3.876847290640394
439367 6.043715846994536
353207 5.182142857142857
732724 4.990243902439024
350294 4.373711340206185
763569 5.957692307692308
475367 5.1645569620253164
421117 4.824267782426778
235966 5.9140625
479984 4.448818897637795
220875 5.086075949367088
235252 4.549407114624506
849606 4.6909090909090905
480480 5.003937007874016
236050 5.6953125
919849 4.743589743589744
135575 6.65
442020 6.022026431718062
662549 5.15
405870 5.828859060402684
813370 5.308641975308642
945926 4.531578947368421
787642 6.0
287966 5.064516129032258
367628 5.598070739549839
719552 5.717391304347826
625754 5.2631578947368425
239741 6.1419753086419755
699021 6.426395939086294
699510 5.625668449197861
702212 4.6310160427807485
863688 4.816326530612245
334118 4.376190476190477
431804 4.810526315789474
380037 3.7908163265306123
560528 5.279761904761905
622688 6.872093023255814
511311 4.696428571428571
659527 4.938775510204081
467306 4.445121951219512
236974 5.329317269076305
731147 4.811224489795919
479149 4.715415019762846
750777 5.090361445783133
817548 4.925925925925926
542604 4.3097345132743365
875495 6.634146341463414
173878 4.438202247191011
642819 6.872659176029963
908261 4.89375
770045 5.595375722543353
240194 5.274760383386582
793326 5.255681818181818
731433 4.681592039800995
179280 4.941558441558442
811273 4.317460317460317
849538 4.7976190476190474
888919 4.865853658536586
577086 6.09375
108568 5.754208754208754
755965 6.4261603375527425
222147 5.840506329113924
236762 4.424
133564 5.336322869955157
119033 4.386018237082067
364639 5.745454545454545
699600 5.791666666666667
108239 6.694915254237288
608735 5.361486486486487
221918 5.042145593869732
345216 5.917197452229299
673952 6.584192439862543
467444 5.711764705882353
616544 5.620689655172414
919948 6.087912087912088
639784 4.775
692971 5.605263157894737
680956 4.932885906040268
769351 6.08955223880597
179487 4.8172757475083055
122983 5.972375690607735
378691 5.633507853403142
503624 6.19811320754717
937833 5.271428571428571
380735 4.947826086956522
465533 4.7073170731707314
635717 5.983606557377049
616885 6.022471910112359
922481 4.991071428571429
557587 5.258823529411765
600251 6.122580645161291
849479 4.676646706586826
439421 5.284153005464481
142736 4.432
467409 5.061349693251533
237893 4.623376623376624
107768 5.128571428571429
179816 4.242647058823529
108433 4.6749116607773855
546608 4.336538461538462
107962 6.322033898305085
156876 5.879069767441861
311978 5.586734693877551
849715 5.766467065868263
458548 5.283950617283951
140303 4.908653846153846
724224 4.607843137254902
230517 4.7164179104477615
650122 3.233502538071066
150966 3.577639751552795
636038 6.064516129032258
849577 4.6117647058823525
196768 4.127272727272727
771287 4.805327868852459
467402 5.971590909090909
642567 5.723735408560311
237288 3.7590361445783134
199140 5.934959349593496
674518 5.7330827067669174
364848 5.894009216589862
488450 5.684782608695652
808382 5.217391304347826
830508 6.9480519480519485
645494 5.195767195767195
458659 6.226190476190476
699313 5.167567567567567
177390 5.8920634920634924
672754 6.636029411764706
741990 4.379084967320262
224063 4.474708171206226
577256 4.909677419354839
900623 7.209424083769633
825413 5.930232558139535
317750 5.666666666666667
344362 5.25
339542 5.770833333333333
699355 6.873469387755102
900159 6.206185567010309
478558 5.36231884057971
440534 4.482587064676617
265140 4.050761421319797
819411 5.605405405405405
148734 5.669642857142857
293539 4.461077844311378
386735 5.834677419354839
499004 5.680851063829787
627036 5.182608695652174
354331 5.221830985915493
379434 5.689075630252101
237366 5.583673469387755
723375 5.568
369341 4.972111553784861
364858 6.465753424657534
646474 5.0085470085470085
642134 5.97244094488189
835841 5.86697247706422
324403 4.221674876847291
769970 5.177777777777778
395741 6.164335664335664
886031 6.2165605095541405
362697 5.034146341463415
899772 4.673469387755102
699580 5.942408376963351
609667 6.557213930348259
569437 3.959090909090909
143476 4.988372093023256
696769 4.207100591715976
611010 5.935828877005347
633792 4.743083003952569
441239 5.775735294117647
388217 6.570281124497992
240853 4.274368231046932
927034 5.355670103092783
180537 4.780612244897959
817771 6.739130434782608
654685 5.704663212435233
174726 5.748792270531401
126387 6.86411149825784
765711 6.074468085106383
252151 3.004032258064516
124608 5.67870036101083
335495 5.2690582959641254
322490 4.08235294117647
108009 4.485915492957746
166452 5.991525423728813
742825 5.364077669902913
652037 6.712727272727273
619444 5.139664804469274
221513 4.3549222797927465
397092 5.6571428571428575
488821 4.47741935483871
379943 5.793248945147679
644561 4.981981981981982
830209 7.057324840764331
238971 5.244725738396625
438021 5.233201581027668
469054 5.287804878048781
363720 5.84037558685446
674366 4.774436090225564
770107 5.723684210526316
863648 6.4
391635 4.655172413793103
646328 5.99163179916318
439266 4.836633663366337
900037 6.702020202020202
334712 5.3478260869565215
134687 4.959090909090909
661429 5.706806282722513
528952 5.6104651162790695
391556 5.70873786407767
222163 5.927680798004988
885913 4.578947368421052
108528 4.6063829787234045
379462 4.712962962962963
466895 5.7073170731707314
279201 5.190635451505017
570686 5.755760368663594
318665 5.745614035087719
380731 6.731601731601732
531244 6.601307189542483
543306 5.994565217391305
439630 5.097701149425287
115061 5.155
238783 6.445141065830721
894236 4.465437788018433
849510 5.9772727272727275
400928 5.6679389312977095
178026 5.129032258064516
762508 5.073684210526316
344188 5.943181818181818
893642 5.0
670998 5.9573170731707314
609574 5.75
319683 6.1216730038022815
361310 4.336842105263158
300181 5.26605504587156
477070 5.909090909090909
879590 5.364341085271318
488408 5.261111111111111
239606 5.173387096774194
953034 5.258474576271187
612319 4.959090909090909
779683 5.588571428571429
802632 5.166666666666667
220540 4.092592592592593
645444 5.924686192468619
356837 4.574162679425838
830616 6.617449664429531
420596 6.237864077669903
278774 2.9722222222222223
324335 5.333333333333333
491483 4.818652849740933
292815 5.35693215339233
466572 5.6
221975 4.321243523316062
661403 5.821989528795812
107604 5.8561872909699
288905 3.8733031674208145
227549 5.244897959183674
446225 4.6938775510204085
929914 4.557471264367816
849702 5.108433734939759
429117 4.674556213017752
264853 5.93
220285 6.389447236180905
677885 5.731034482758621
314563 4.398406374501992
556180 5.307017543859649
864178 5.046979865771812
927908 5.846153846153846
363693 4.1182266009852215
936734 4.226950354609929
251597 7.026431718061674
490578 4.686991869918699
346058 5.791443850267379
379740 5.26457399103139
615080 4.948717948717949
707320 6.5561224489795915
278544 6.336448598130841
590835 5.900552486187845
899789 4.954545454545454
712114 6.779342723004695
236904 6.258687258687258
814554 6.076576576576577
857663 4.803846153846154
474641 4.941860465116279
108127 5.265232974910394
107913 4.459183673469388
768844 5.8283582089552235
144392 4.76171875
650848 6.4572490706319705
237202 5.80544747081712
124819 6.3107344632768365
898545 6.388663967611336
898658 5.905349794238683
764260 5.132530120481928
952676 6.201438848920863
631954 3.8125
673369 5.290566037735849
380668 4.539823008849558
236166 4.850467289719626
543301 6.828877005347594
817633 5.295454545454546
904769 5.570247933884297
619063 4.562162162162162
861401 5.0638297872340425
633949 4.0754716981132075
161953 4.712538226299694
488461 5.116022099447513
343395 5.6414342629482075
364064 4.791666666666667
240533 4.836134453781512
594088 5.162162162162162
177968 4.862745098039215
773994 5.3534883720930235
346876 4.977099236641221
380512 5.293333333333333
329073 6.051502145922747
249046 5.060931899641577
406016 5.786184210526316
669567 5.1265822784810124
738593 3.2990654205607477
703131 5.133333333333334
332169 3.6184738955823295
140347 4.80188679245283
476790 4.690582959641255
134343 4.07488986784141
422656 5.33955223880597
206531 5.272401433691757
278373 5.723577235772358
276288 4.869109947643979
189539 5.316326530612245
644295 4.391304347826087
601133 6.098765432098766
699693 6.4867724867724865
390203 5.679347826086956
161850 4.603658536585366
376480 4.835680751173709
300876 4.92274678111588
334091 5.155487804878049
701727 3.633879781420765
110323 4.812274368231047
776346 5.209424083769633
432555 6.224719101123595
258873 4.582781456953643
369675 6.116541353383458
637087 6.275303643724697
644577 4.842931937172775
235888 4.842323651452282
567948 6.368421052631579
698957 5.359307359307359
857438 6.593984962406015
179762 4.927272727272728
940931 4.5
463434 5.8201058201058204
701070 4.432624113475177
434338 5.280788177339901
946534 4.481481481481482
198818 4.045936395759718
527006 5.054545454545455
200436 5.872413793103449
45405 4.8068669527897
181354 5.828767123287672
602958 4.7357512953367875
237298 4.372469635627531
814301 4.1171875
755904 4.128888888888889
747072 5.9950495049504955
885754 5.35064935064935
769497 5.680722891566265
255208 4.690566037735849
764367 6.222222222222222
920037 4.696428571428571
466470 5.358823529411764
674587 4.746031746031746
898451 6.057377049180328
866844 5.268656716417911
699456 6.008695652173913
237406 5.578313253012048
943984 4.97972972972973
768863 4.601851851851852
249315 4.91358024691358
921307 4.765625
705013 4.527472527472527
401001 5.072368421052632
701227 6.7534246575342465
125915 4.817543859649123
206073 5.830324909747293
743408 5.342281879194631
764251 5.950943396226415
409899 5.259740259740259
184178 5.232198142414861
300389 5.105042016806722
311864 5.685393258426966
219207 4.023498694516971
378950 4.9058295964125564
946097 6.430232558139535
236910 5.273858921161826
267629 5.6
274131 5.206642066420664
378487 5.982142857142857
501205 4.1647058823529415
707309 7.119791666666667
584077 6.265060240963855
762767 4.023166023166024
466935 4.708860759493671
179865 5.6263345195729535
660463 3.9178571428571427
755358 4.488986784140969
181259 6.233676975945017
237079 5.012244897959183
301009 4.883408071748879
673825 6.758490566037736
764504 5.860902255639098
938413 5.346666666666667
221485 4.315384615384615
222110 6.519083969465649
367965 6.141447368421052
698519 5.3406113537117905
480143 4.751269035532995
472570 4.507177033492823
671420 5.95
474197 5.287581699346405
380683 5.257777777777778
298253 5.144329896907217
150335 5.026239067055394
693262 5.805369127516778
719069 6.358108108108108
832692 4.912820512820513
641050 4.855371900826446
755509 6.346153846153846
724376 5.753012048192771
817720 6.281481481481482
935138 4.827027027027027
379680 5.930131004366812
293431 4.240579710144927
648521 4.721238938053097
121655 4.223642172523961
303506 5.7894736842105265
612925 4.376404494382022
498515 4.702247191011236
616824 5.121863799283154
766262 4.682051282051282
465841 6.02906976744186
236026 5.139917695473251
902722 5.0508474576271185
467108 6.318681318681318
108171 4.236111111111111
269801 4.377862595419847
108360 5.6996699669967
206533 5.160714285714286
612915 4.571428571428571
707286 5.569620253164557
463600 6.1602209944751385
645467 5.0375
268428 5.627737226277373
208594 5.062146892655368
380623 4.835616438356165
275014 3.4448529411764706
181593 4.712280701754386
363248 6.257142857142857
755936 5.966101694915254
764591 4.988372093023256
550749 5.156521739130435
404230 6.275280898876405
261112 5.81140350877193
487879 5.576923076923077
327889 5.782178217821782
466510 5.286624203821656
97853 4.608695652173913
439819 4.635
369084 6.165605095541402
222108 4.863157894736842
395316 6.800675675675675
298339 4.782287822878229
467367 5.680232558139535
671277 4.975
240363 5.012738853503185
671225 5.771241830065359
222162 5.747474747474747
222114 4.10969387755102
661288 6.368421052631579
255626 4.662745098039216
209340 5.044280442804428
943471 5.608695652173913
234507 4.368888888888889
279483 4.7595818815331015
303073 5.923809523809524
237323 4.277551020408163
204508 5.280769230769231
542473 4.856353591160221
311851 5.791666666666667
394632 4.546666666666667
466384 7.051063829787234
231149 4.948339483394834
467408 5.115384615384615
872758 4.497777777777777
701630 5.101604278074866
476839 4.89908256880734
265251 6.791044776119403
369875 5.887043189368771
310018 5.352941176470588
368494 5.698795180722891
932549 6.027397260273973
198620 5.1037344398340245
374931 4.876847290640394
157048 3.520446096654275
459843 4.938325991189427
921012 6.0215827338129495
467423 5.726256983240224
292806 4.924242424242424
179314 6.003058103975535
476557 5.668049792531121
242290 4.071428571428571
271091 5.2615384615384615
177386 5.021943573667712
861544 6.584507042253521
663694 6.065789473684211
952496 5.320987654320987
817770 6.357664233576642
768136 4.936440677966102
755260 5.963636363636364
464786 6.0
309919 5.208333333333333
265369 5.103626943005182
747105 6.303317535545023
324625 5.637037037037037
158700 4.186813186813187
334746 4.458333333333333
703169 3.9604519774011298
673478 5.871794871794871
848044 4.656826568265683
459330 5.125
179317 5.8427672955974845
334633 5.888392857142857
107651 5.75
301711 6.2043478260869565
240502 5.243670886075949
623282 4.46829268292683
221340 4.371428571428571
219962 4.782152230971128
782598 4.932330827067669
442343 5.356481481481482
661505 7.424870466321243
270719 4.76425855513308
179024 5.249190938511327
626370 4.788546255506608
701216 5.169014084507042
268840 4.822878228782288
364721 5.6571428571428575
667541 4.9447852760736195
900177 5.6923076923076925
405628 5.236486486486487
898055 5.697478991596639
885623 5.190476190476191
465331 5.904191616766467
305167 5.732394366197183
279013 4.6656346749226
524464 5.111111111111111
279498 6.712990936555891
178972 4.949206349206349
324999 6.068702290076335
348950 6.325641025641025
701283 6.241610738255034
364708 5.328767123287672
397219 5.583333333333333
314762 6.116022099447513
831352 4.835051546391752
144454 5.221774193548387
766089 3.721311475409836
895840 5.081967213114754
830512 6.690322580645161
704299 4.776536312849162
482798 6.541666666666667
390946 5.577272727272727
609719 4.694352159468439
679534 5.725
467034 5.3090909090909095
665434 4.229591836734694
754735 6.555555555555555
268382 4.890510948905109
275923 5.342007434944238
443809 5.587155963302752
690198 4.378151260504202
919091 5.627906976744186
294995 4.531531531531532
126163 4.270462633451957
205170 5.263940520446097
742676 5.265700483091788
742547 6.205741626794258
734191 5.989130434782608
301146 5.275109170305677
501434 6.278947368421052
482330 5.6106870229007635
605484 4.782608695652174
609188 4.747440273037543
482055 4.855153203342619
260595 4.885593220338983
652968 6.36
343086 4.337552742616034
674460 5.151162790697675
178131 7.10377358490566
181437 5.972508591065292
124302 5.840277777777778
501187 5.05
937984 4.396946564885496
671178 4.897435897435898
949542 6.849765258215962
795835 4.796019900497512
769368 3.5801526717557253
743373 5.57037037037037
466836 6.146341463414634
178858 5.601941747572815
467185 6.059523809523809
897238 5.1568627450980395
661424 6.099447513812155
818786 6.143589743589744
701758 5.888888888888889
174358 4.931407942238267
755700 6.683127572016461
460983 4.793296089385475
642804 4.518218623481781
780289 5.636842105263158
849023 5.114457831325301
673648 6.648745519713262
919931 6.282722513089006
314977 6.2846153846153845
719588 5.088709677419355
911809 4.938967136150235
755296 5.24223602484472
229564 4.41970802919708
732285 5.253658536585366
192802 4.062730627306273
222034 5.121588089330025
698480 3.6796536796536796
269040 6.956896551724138
101349 4.882352941176471
279324 5.724770642201835
179387 5.040498442367602
178843 4.745874587458746
656011 3.403587443946188
178632 5.032786885245901
466869 6.2
501192 4.698324022346369
419792 5.1798941798941796
288946 5.285714285714286
803375 5.713636363636364
221278 5.349875930521092
467378 4.7875
661741 4.624309392265193
669686 6.376623376623376
689026 6.2288557213930345
161773 4.333333333333333
598830 6.445161290322581
945944 5.580882352941177
251732 6.436681222707423
387022 4.785714285714286
817867 5.154411764705882
526663 5.668292682926829
255228 4.511627906976744
574655 4.453608247422681
817078 6.2835820895522385
663310 5.8133333333333335
222042 4.817204301075269
349763 5.586080586080586
346849 5.660130718954249
208590 4.6875
277762 5.6416382252559725
918918 6.303317535545023
363896 4.926605504587156
300517 5.048076923076923
755365 4.839506172839506
912492 5.201680672268908
754321 5.314655172413793
674209 6.653284671532846
945281 5.964467005076142
642702 6.071969696969697
814579 6.423728813559322
151858 5.9186046511627906
206268 5.219330855018588
617409 5.340425531914893
314906 6.279761904761905
215203 5.65979381443299
467161 5.865030674846626
243149 4.285198555956678
950810 5.180904522613066
179164 5.802507836990595
243032 6.04421768707483
633075 4.713235294117647
706435 6.346153846153846
361342 5.320855614973262
699147 5.711206896551724
862949 4.83453237410072
882049 5.335260115606936
436985 6.482051282051282
433236 4.913043478260869
956322 6.588235294117647
949717 5.247572815533981
274149 4.605072463768116
779950 6.137362637362638
848762 4.602409638554217
144383 5.13671875
301609 4.895734597156398
488984 5.692771084337349
653506 6.08080808080808
123381 4.276223776223776
386402 5.032051282051282
439479 5.205741626794258
729889 4.285714285714286
750049 5.6535087719298245
763664 4.792156862745098
273676 4.443636363636363
313306 4.7434554973821985
208379 5.084558823529412
395313 5.092465753424658
177538 4.083067092651757
264859 5.805128205128205
693287 4.059701492537314
260129 5.056768558951965
364634 4.621359223300971
602773 5.296875
440085 5.811594202898551
305412 4.995305164319249
362978 5.946188340807175
400951 5.834319526627219
235855 5.036
696131 5.020689655172414
467321 6.103448275862069
205602 4.73992673992674
239510 4.448717948717949
404954 4.387755102040816
884904 5.608695652173913
544553 5.330645161290323
826173 5.982142857142857
596889 5.2898550724637685
443025 4.757009345794392
821431 5.626943005181347
467056 6.522988505747127
955909 6.404651162790698
701857 4.0
126343 5.116788321167883
364499 6.092592592592593
851563 5.0534351145038165
278025 6.026490066225166
649737 5.725925925925926
144497 6.182170542635659
697674 6.1450777202072535
955769 4.976415094339623
279280 6.015527950310559
922000 6.373913043478261
434835 5.850220264317181
442657 6.838709677419355
380038 4.974747474747475
531670 6.162162162162162
738348 5.579617834394904
396383 6.070921985815603
368373 5.698019801980198
277700 4.968036529680365
151480 4.261006289308176
742017 5.93073593073593
671347 5.645962732919255
315010 6.169398907103825
700446 6.103448275862069
193954 5.341549295774648
466352 5.304878048780488
600113 5.234875444839858
646286 5.63135593220339
749113 5.0
811575 6.5625
178550 5.186544342507645
139768 4.5071942446043165
515079 4.991666666666666
645376 5.112068965517241
755585 5.274336283185841
124295 4.050724637681159
763879 5.235294117647059
718947 5.966666666666667
717042 4.270491803278689
177261 6.3603896103896105
560267 6.663043478260869
747180 6.197452229299363
439515 6.424657534246576
667296 4.323076923076923
468257 6.303317535545023
763400 6.077220077220077
239149 5.144694533762058
701323 6.110344827586207
378879 6.058282208588957
109925 4.88
764509 5.299242424242424
940427 5.633187772925764
277630 6.359223300970874
856012 4.442211055276382
763464 5.055335968379446
269006 5.921146953405018
607178 5.882716049382716
398434 6.489451476793249
467075 4.715909090909091
467060 6.148809523809524
879539 6.175182481751825
364723 6.004739336492891
380005 5.713080168776371
335071 5.347003154574132
569233 5.620535714285714
533130 5.089655172413793
151119 6.102803738317757
466633 4.058441558441558
912663 4.6923076923076925
673997 4.127413127413128
466452 4.793939393939394
897920 4.705882352941177
938090 4.888059701492537
524150 5.900473933649289
898005 6.170124481327801
673054 4.735632183908046
220991 4.636842105263158
609610 4.936305732484076
764236 5.0
373709 5.606060606060606
762996 4.792
742644 5.985714285714286
126706 4.608856088560886
248881 6.09349593495935
270513 5.292576419213974
673752 5.345724907063197
678773 6.0
108399 4.446428571428571
945411 4.447916666666667
181205 5.26962457337884
268854 4.514705882352941
610087 4.811059907834101
653005 4.807228915662651
324586 6.973180076628353
700866 5.3
413242 4.910780669144981
539665 4.968586387434555
654232 6.040404040404041
583924 5.270440251572327
699030 4.609649122807017
221407 5.925
901180 4.803108808290156
291998 5.782771535580524
472711 5.283018867924528
438943 4.410891089108911
763547 6.129277566539924
939308 5.217171717171717
821351 5.2565445026178015
427029 4.842741935483871
234902 4.285714285714286
118373 4.4188311688311686
466922 4.976190476190476
722079 5.188571428571429
733614 6.336842105263158
939625 4.939698492462312
737868 4.879746835443038
175368 4.868794326241135
301418 6.178260869565217
364757 6.198198198198198
103153 5.342007434944238
773296 5.572687224669603
904060 5.994152046783626
609204 4.306397306397306
221931 3.5492227979274613
570126 5.28110599078341
373623 6.053097345132743
340631 5.648351648351649
207576 5.902621722846442
779536 4.682539682539683
742036 4.928571428571429
199030 4.976430976430977
245659 6.402061855670103
238446 5.035256410256411
236387 4.573170731707317
646245 6.394308943089431
863660 5.062937062937063
295092 4.66764705882353
692687 5.058441558441558
439548 6.183246073298429
609798 5.229665071770335
265270 4.805128205128205
364749 5.241545893719807
343636 6.044117647058823
948721 6.149253731343284
698110 3.88268156424581
501414 5.9523809523809526
439703 5.264367816091954
745410 6.655172413793103
253352 4.972
395888 5.3509933774834435
769589 5.733812949640288
181476 5.27891156462585
670005 5.333333333333333
701145 5.7631578947368425
626680 5.354285714285714
905099 6.491228070175438
764402 5.138996138996139
315991 4.951612903225806
308382 6.289340101522843
260991 5.165048543689321
349515 4.038888888888889
699595 5.572916666666667
105988 6.077586206896552
391190 5.915492957746479
335290 4.908695652173913
949306 4.504065040650406
836617 6.4754901960784315
634408 4.152838427947598
467425 5.203389830508475
364697 4.719626168224299
884459 4.443037974683544
701454 6.075221238938053
251823 6.148648648648648
632885 4.345528455284553
534699 4.5625
486474 4.734513274336283
592496 6.7407407407407405
899101 5.741116751269035
703880 6.280898876404494
500762 5.601063829787234
884036 5.647435897435898
952859 5.033333333333333
235731 6.954918032786885
368709 5.152631578947369
654751 4.762886597938144
699618 4.9837837837837835
633159 5.823754789272031
278869 4.3119266055045875
325456 5.342723004694836
204706 4.935018050541516
653297 5.903409090909091
651503 5.702325581395349
670638 5.886075949367089
192392 4.905454545454545
333535 4.631067961165049
605266 5.078125
364470 6.306603773584905
787846 6.433566433566433
918378 5.966981132075472
293783 4.835734870317003
126509 5.327402135231317
457171 4.746913580246914
570357 5.054545454545455
572979 7.017094017094017
133997 5.13939393939394
380137 5.187772925764192
242679 6.296296296296297
861876 5.929577464788732
704431 4.755434782608695
364409 5.78125
466537 4.412903225806452
439319 5.361386138613861
899570 5.257575757575758
700839 5.986754966887418
221183 4.677002583979328
439313 5.8121546961325965
124998 4.768421052631579
830554 6.375796178343949
583433 5.723529411764706
475900 4.9480519480519485
920469 6.44
671304 5.849673202614379
823779 4.922580645161291
897723 5.642857142857143
899126 5.953488372093023
222146 4.249336870026525
209310 5.2355072463768115
466826 5.81437125748503
157126 4.2434456928838955
335381 5.834080717488789
402993 4.8011695906432745
651960 5.09
412091 5.6
711293 4.877551020408164
192741 4.5353159851301115
910152 4.7388059701492535
735662 4.262711864406779
584654 4.883116883116883
294021 5.765432098765432
177426 5.274447949526814
222155 4.574803149606299
531867 6.433333333333334
272506 4.637209302325582
335178 5.9655172413793105
534676 4.35
883697 4.651006711409396
631706 4.674329501915709
364696 5.926267281105991
382748 6.047169811320755
622781 5.7969543147208125
731079 5.633663366336633
431918 5.128342245989304
584511 5.91875
242067 5.121951219512195
637096 4.8927038626609445
516736 5.2923728813559325
102795 5.232283464566929
594017 5.847619047619047
300949 5.950920245398773
289106 5.140762463343108
140848 5.291866028708134
716742 5.917910447761194
472591 4.4688995215311005
793350 4.713513513513513
702086 4.666666666666667
364852 5.623809523809523
435361 5.105263157894737
514349 6.23469387755102
828514 4.665384615384616
692661 5.873333333333333
603923 5.09375
643459 4.365957446808511
226817 5.317596566523605
364032 4.873239436619718
592736 5.347107438016529
120045 5.813609467455621
129254 6.666666666666667
433172 5.715277777777778
701523 4.711956521739131
424086 5.2
899082 4.423076923076923
126576 3.6774193548387095
204583 4.674074074074074
508074 6.333333333333333
181411 4.577617328519856
150241 4.997041420118343
885395 4.593984962406015
181625 5.065934065934066
388178 5.247967479674797
150876 5.095693779904306
953009 5.063025210084033
180522 3.863849765258216
222087 4.891534391534392
278330 5.584745762711864
141723 4.697247706422019
857420 5.685393258426966
480254 5.690476190476191
446356 5.792270531400966
268062 5.237918215613383
651071 6.805555555555555
676732 5.68
411149 5.810945273631841
848022 5.732793522267206
590742 6.978378378378379
236993 5.042194092827004
616760 5.286549707602339
110349 4.900383141762452
905117 5.050314465408805
717520 6.236559139784946
125867 3.9964912280701754
458681 5.190476190476191
380579 4.1535087719298245
358279 4.845070422535211
251964 5.634361233480176
234286 4.316498316498317
375710 5.6217616580310885
177364 4.9625
391256 4.616504854368932
412232 6.655813953488372
134823 4.836283185840708
625640 6.114285714285714
221546 4.262086513994911
176390 4.458483754512636
479326 6.493023255813953
237302 4.984126984126984
674190 4.9192307692307695
206311 4.261818181818182
736948 4.849056603773585
240464 5.1234567901234565
700367 5.713286713286713
439879 5.752688172043011
661526 5.0732984293193715
243148 4.48015873015873
440671 5.237623762376238
942986 5.303030303030303
220414 6.798076923076923
527174 5.104895104895105
920633 6.895522388059701
178223 4.659305993690852
422965 5.956692913385827
427516 5.31275720164609
674530 4.8494208494208495
389402 4.431372549019608
533577 5.3546099290780145
135244 4.516516516516517
764393 4.666666666666667
598133 5.803921568627451
410770 5.017241379310345
653218 4.734375
810352 4.904
177645 5.0
507151 4.1078838174273855
181577 5.602888086642599
699608 5.597938144329897
460809 4.409638554216867
383344 5.0
577709 5.75
801374 5.0
277081 6.817365269461078
898097 5.273858921161826
237416 3.933333333333333
628013 4.823008849557522
328017 6.7317073170731705
400349 5.212
566123 4.316326530612245
221316 3.881443298969072
568889 7.140909090909091
378878 5.929245283018868
388862 4.417293233082707
390312 4.315
456919 5.310126582278481
582291 5.213197969543147
347486 7.175226586102719
124894 5.193548387096774
391121 5.741784037558685
147302 4.213855421686747
371479 5.043290043290043
466975 5.137724550898204
438478 5.664835164835165
220852 5.266490765171504
695967 6.101910828025478
220710 4.557213930348259
769887 6.418181818181818
237318 5.0717131474103585
459908 5.076923076923077
922398 4.660714285714286
272629 6.160550458715596
236441 5.63035019455253
704005 5.842391304347826
952920 6.503597122302159
174950 5.582089552238806
118895 5.0049751243781095
405959 5.823920265780731
238879 4.45945945945946
198632 5.763713080168777
282883 6.0
699067 4.863874345549738
190625 4.337121212121212
125642 5.802281368821292
364668 6.502283105022831
512353 7.457044673539519
818666 4.122340425531915
132137 4.850746268656716
900134 5.926315789473684
506071 4.947712418300654
701265 5.597222222222222
388976 4.973958333333333
181256 5.568421052631579
326078 5.619230769230769
742648 3.4656488549618323
171542 4.146017699115045
238260 4.9397993311036785
313600 5.096969696969697
439634 5.174129353233831
699477 4.061674008810573
704481 6.65979381443299
373643 4.760504201680672
390197 4.96039603960396
461693 4.976331360946745
404907 4.73462783171521
395116 5.013888888888889
699454 6.584033613445378
673144 5.797794117647059
206335 5.589473684210526
751616 5.150943396226415
613080 5.273255813953488
324898 4.02834008097166
935776 4.616883116883117
830670 5.8431372549019605
364718 5.287671232876712
501396 6.4972972972972975
369283 2.7984189723320156
846739 3.98943661971831
342867 4.263829787234043
288670 5.0523255813953485
539499 6.104395604395604
742620 5.1826923076923075
692639 5.625
369374 4.120967741935484
467061 6.276243093922652
179124 3.973856209150327
943670 4.634146341463414
335302 6.04
849638 5.049689440993789
178389 4.306962025316456
269538 5.740875912408759
725313 6.29375
738249 4.038961038961039
466867 5.36144578313253
859134 6.046728971962617
401022 5.641176470588236
265993 4.925581395348837
848276 4.3357933579335795
343822 4.63855421686747
224076 4.842105263157895
489555 5.0875
364638 5.95045045045045
291599 5.192771084337349
383654 4.721973094170403
436789 6.507772020725389
126630 4.949820788530466
480161 4.897435897435898
653508 5.911458333333333
529690 5.977777777777778
643462 6.635869565217392
762075 4.420091324200913
515366 5.196891191709844
259328 6.308035714285714
342480 5.65587044534413
288697 5.172413793103448
763837 5.614814814814815
627351 5.960264900662252
108284 5.801369863013699
609794 5.130872483221476
